n	time_ShakerSort	time_QuickSort
0	4	2
1	0	0
2	0	0
3	2	1
4	1	0
5	2	1
6	0	0
7	0	0
8	1	0
9	1	2
10	1	2
11	0	2
12	1	1
13	1	1
14	1	1
15	2	1
16	3	2
17	3	1
18	1	2
19	2	2
20	2	1
21	2	3
22	2	2
23	2	2
24	3	2
25	3	2
26	4	2
27	4	2
28	5	2
29	6	2
30	4	2
31	5	2
32	5	2
33	5	3
34	5	3
35	4	3
36	6	3
37	6	4
38	7	3
39	6	2
40	8	3
41	8	3
42	9	3
43	8	2
44	10	3
45	11	3
46	9	3
47	11	3
48	10	3
49	11	4
50	10	3
51	11	3
52	13	4
53	12	4
54	13	5
55	13	5
56	13	6
57	12	6
58	13	5
59	16	6
60	15	5
61	16	6
62	15	4
63	16	5
64	15	5
65	17	5
66	18	5
67	18	5
68	21	5
69	19	5
70	19	5
71	19	5
72	22	5
73	24	6
74	23	5
75	24	6
76	23	6
77	23	6
78	25	6
79	27	6
80	27	7
81	28	6
82	27	7
83	28	7
84	29	6
85	26	7
86	32	7
87	30	7
88	32	7
89	33	6
90	33	8
91	28	7
92	34	8
93	36	7
94	35	7
95	37	8
96	35	9
97	38	9
98	32	21
99	62	21
100	31	7
101	29	7
102	31	8
103	34	8
104	32	7
105	35	7
106	34	7
107	80	10
108	78	9
109	42	9
110	38	10
111	55	8
112	35	10
113	37	8
114	42	9
115	37	9
116	43	9
117	42	9
118	43	8
119	45	8
120	44	9
121	42	9
122	44	9
123	43	9
124	46	10
125	44	9
126	46	9
127	47	10
128	49	10
129	51	9
130	46	11
131	54	10
132	50	10
133	52	9
134	50	11
135	58	12
136	53	11
137	54	11
138	58	10
139	56	11
140	57	11
141	57	11
142	60	11
143	64	11
144	61	11
145	59	12
146	67	12
147	67	11
148	65	11
149	63	11
150	67	10
151	64	11
152	66	12
153	64	12
154	67	11
155	68	12
156	70	12
157	77	12
158	72	11
159	73	12
160	73	14
161	66	13
162	76	13
163	77	13
164	77	13
165	80	13
166	79	13
167	76	13
168	81	12
169	82	13
170	84	13
171	90	12
172	85	14
173	81	12
174	87	14
175	90	13
176	89	14
177	145	17
178	127	17
179	140	16
180	96	15
181	118	21
182	128	18
183	145	19
184	145	20
185	146	19
186	143	20
187	163	21
188	177	22
189	157	19
190	168	19
191	154	23
192	171	20
193	171	20
194	173	23
195	182	20
196	172	20
197	163	23
198	176	18
199	136	17
200	112	17
201	121	17
202	120	17
203	120	17
204	118	17
205	123	19
206	117	17
207	127	16
208	125	17
209	131	18
210	123	16
211	135	18
212	132	18
213	135	19
214	129	19
215	130	19
216	126	20
217	134	19
218	139	17
219	143	18
220	134	19
221	141	18
222	150	18
223	146	18
224	139	19
225	164	19
226	151	20
227	147	18
228	141	20
229	162	20
230	154	20
231	190	22
232	174	20
233	158	19
234	166	19
235	164	19
236	157	20
237	158	21
238	164	21
239	158	20
240	172	21
241	168	20
242	191	27
243	183	40
244	176	22
245	192	21
246	171	20
247	188	20
248	159	20
249	180	20
250	177	22
251	184	21
252	175	22
253	174	21
254	190	22
255	186	21
256	186	23
257	183	22
258	193	23
259	183	22
260	190	22
261	194	22
262	186	22
263	200	22
264	188	22
265	189	22
266	205	22
267	205	23
268	198	24
269	206	23
270	216	22
271	200	23
272	216	23
273	207	22
274	209	23
275	216	23
276	224	23
277	223	23
278	216	24
279	222	24
280	216	23
281	220	22
282	230	24
283	210	24
284	230	25
285	243	27
286	226	25
287	230	28
288	214	25
289	232	24
290	226	23
291	237	25
292	231	26
293	222	23
294	247	26
295	252	26
296	247	26
297	249	25
298	257	26
299	241	24
300	243	25
301	246	25
302	245	25
303	267	25
304	256	25
305	257	25
306	256	26
307	253	26
308	258	26
309	271	26
310	268	28
311	280	28
312	276	25
313	273	27
314	276	26
315	283	29
316	262	28
317	268	28
318	281	28
319	284	27
320	277	27
321	281	28
322	290	27
323	289	26
324	289	27
325	276	27
326	300	28
327	283	48
328	321	27
329	290	28
330	294	28
331	313	28
332	300	29
333	315	31
334	304	30
335	320	28
336	340	31
337	319	29
338	324	35
339	316	32
340	333	31
341	326	31
342	311	30
343	330	31
344	367	30
345	342	30
346	318	28
347	340	30
348	340	30
349	318	32
350	333	31
351	355	31
352	348	31
353	339	29
354	339	32
355	339	32
356	319	32
357	352	30
358	361	30
359	347	31
360	366	32
361	377	31
362	362	32
363	365	32
364	361	30
365	357	31
366	376	32
367	376	33
368	383	32
369	378	33
370	386	30
371	383	33
372	387	31
373	407	33
374	401	32
375	394	32
376	400	32
377	379	35
378	393	34
379	385	34
380	392	35
381	391	36
382	408	35
383	400	37
384	394	33
385	415	34
386	417	34
387	415	36
388	415	34
389	414	34
390	417	33
391	463	35
392	421	35
393	406	34
394	418	34
395	424	36
396	442	35
397	462	38
398	438	34
399	441	36
400	449	36
401	445	37
402	589	46
403	675	45
404	708	50
405	732	49
406	700	50
407	604	40
408	613	39
409	644	86
410	525	35
411	472	37
412	462	35
413	482	36
414	468	36
415	464	37
416	473	38
417	470	36
418	484	37
419	490	36
420	463	38
421	537	37
422	522	37
423	488	38
424	502	39
425	497	39
426	491	58
427	516	37
428	509	41
429	564	37
430	531	42
431	499	39
432	488	40
433	517	37
434	501	40
435	515	40
436	519	39
437	535	39
438	519	39
439	523	38
440	526	38
441	527	41
442	515	40
443	543	40
444	558	40
445	561	42
446	550	45
447	555	41
448	558	42
449	555	42
450	549	40
451	536	42
452	568	42
453	556	40
454	568	40
455	555	41
456	551	40
457	570	42
458	579	43
459	586	45
460	599	41
461	596	41
462	569	40
463	586	42
464	619	61
465	591	43
466	597	42
467	624	40
468	586	43
469	598	42
470	561	42
471	694	42
472	624	44
473	609	40
474	609	44
475	614	42
476	594	43
477	634	46
478	628	43
479	622	49
480	644	44
481	672	44
482	631	46
483	615	41
484	645	46
485	633	44
486	710	43
487	627	44
488	644	45
489	685	49
490	647	44
491	663	44
492	655	45
493	645	44
494	652	43
495	675	47
496	666	44
497	658	44
498	692	46
499	736	50
500	773	47
501	893	47
502	778	49
503	736	49
504	736	48
505	752	46
506	738	55
507	1058	52
508	707	52
509	754	48
510	743	47
511	956	66
512	1084	56
513	955	57
514	862	47
515	774	48
516	775	47
517	736	49
518	746	47
519	771	47
520	789	49
521	767	50
522	758	50
523	745	48
524	821	49
525	752	50
526	721	68
527	797	49
528	882	49
529	796	53
530	821	51
531	762	48
532	764	68
533	895	49
534	798	48
535	769	47
536	792	53
537	878	50
538	844	52
539	797	49
540	798	50
541	795	50
542	821	50
543	849	67
544	823	51
545	827	51
546	800	49
547	793	52
548	802	50
549	853	51
550	797	49
551	846	51
552	839	51
553	823	51
554	854	49
555	857	53
556	872	53
557	829	55
558	881	52
559	903	51
560	839	51
561	883	50
562	937	53
563	865	54
564	846	52
565	861	50
566	877	53
567	882	56
568	868	52
569	874	51
570	886	51
571	878	56
572	883	54
573	902	52
574	1082	59
575	961	54
576	938	52
577	951	55
578	903	53
579	1014	54
580	943	57
581	955	53
582	923	53
583	961	55
584	914	56
585	914	56
586	912	53
587	951	53
588	938	56
589	937	55
590	1227	77
591	1523	76
592	1502	73
593	1499	89
594	1155	54
595	955	57
596	958	54
597	955	55
598	941	57
599	942	57
600	946	57
601	1015	56
602	1016	55
603	1017	56
604	1001	59
605	1016	57
606	1004	54
607	1028	56
608	1015	56
609	1061	56
610	1031	57
611	995	54
612	1019	58
613	1028	58
614	1012	59
615	1050	59
616	1041	58
617	1022	55
618	1053	63
619	1063	59
620	1033	60
621	1090	56
622	1113	58
623	1069	59
624	1160	60
625	1063	60
626	1052	59
627	1076	59
628	1072	57
629	1051	65
630	1071	61
631	1086	63
632	1077	61
633	1081	66
634	1052	56
635	1105	59
636	1100	59
637	1111	60
638	1117	78
639	1190	60
640	1128	60
641	1109	62
642	1125	61
643	1166	59
644	1108	61
645	1134	62
646	1142	63
647	1157	63
648	1113	58
649	1137	68
650	1156	59
651	1184	64
652	1200	66
653	1175	62
654	1367	83
655	1904	82
656	1719	67
657	1492	59
658	1160	61
659	1184	64
660	1213	67
661	1176	61
662	1199	60
663	1173	63
664	1183	102
665	1200	63
666	1225	67
667	1279	66
668	1418	63
669	1190	63
670	1222	62
671	1292	65
672	1280	62
673	1239	63
674	1249	67
675	1423	63
676	1208	67
677	1329	65
678	1237	67
679	1271	64
680	1201	64
681	1256	66
682	1303	66
683	1275	65
684	1237	62
685	1213	65
686	1281	63
687	1277	68
688	1285	65
689	1400	66
690	1272	66
691	1283	64
692	1353	67
693	1321	64
694	1327	70
695	1404	67
696	1345	67
697	1374	65
698	1333	67
699	1360	69
700	1376	65
701	1416	69
702	1375	65
703	1398	66
704	1304	64
705	1346	69
706	1357	70
707	1357	66
708	1342	68
709	1646	91
710	2133	83
711	1955	91
712	2392	75
713	1621	67
714	1355	85
715	1569	73
716	1576	70
717	1521	71
718	1503	69
719	1518	87
720	1448	70
721	1682	94
722	1891	70
723	1429	72
724	1502	75
725	1434	71
726	1428	67
727	1445	71
728	1478	68
729	1511	72
730	1583	109
731	1570	72
732	1650	74
733	1518	72
734	1522	73
735	1456	74
736	1535	74
737	1612	68
738	1604	72
739	1691	69
740	1538	72
741	1680	79
742	1566	91
743	1747	74
744	1633	71
745	1632	76
746	1504	76
747	1674	89
748	1495	70
749	1612	77
750	1759	77
751	1670	71
752	1590	77
753	1561	72
754	1526	74
755	1659	74
756	1745	75
757	1596	71
758	1550	72
759	1593	75
760	1537	71
761	1718	75
762	1761	74
763	2288	109
764	2310	81
765	2121	69
766	1630	73
767	1647	76
768	1869	73
769	1823	76
770	1730	75
771	1640	74
772	1648	71
773	1667	74
774	1662	73
775	1865	77
776	1733	75
777	1630	77
778	1700	93
779	1943	77
780	2042	81
781	1856	79
782	1735	74
783	1692	76
784	1671	77
785	1674	77
786	1706	80
787	1966	80
788	1900	79
789	2091	126
790	1910	76
791	1756	78
792	1986	77
793	1859	111
794	2237	78
795	1720	86
796	1773	77
797	1859	76
798	2225	100
799	2111	78
800	1845	75
801	1792	77
802	1857	77
803	1963	108
804	1896	77
805	2300	90
806	1971	82
807	1992	87
808	1919	86
809	1920	98
810	2689	99
811	1901	118
812	1938	82
813	2049	79
814	2188	104
815	2616	96
816	2375	82
817	1975	84
818	2012	89
819	2389	145
820	2584	97
821	2088	82
822	2410	90
823	1948	85
824	1932	82
825	1817	83
826	1842	81
827	2019	82
828	1956	84
829	2503	120
830	2382	94
831	2310	84
832	2112	80
833	2172	83
834	2013	83
835	1997	82
836	1952	80
837	1995	99
838	2362	81
839	2065	85
840	2045	82
841	2340	85
842	2416	85
843	2183	87
844	2062	85
845	2011	85
846	1933	85
847	2283	82
848	2376	97
849	2373	83
850	1994	82
851	2139	84
852	2104	87
853	2057	87
854	2045	88
855	2224	81
856	2303	82
857	2205	83
858	2064	86
859	2059	86
860	2226	89
861	2439	82
862	2114	85
863	2170	88
864	2267	89
865	2285	130
866	2289	85
867	2029	86
868	2093	87
869	2014	83
870	2232	132
871	2269	86
872	2140	102
873	2152	87
874	2039	80
875	2056	103
876	2417	85
877	2354	81
878	2289	83
879	2178	83
880	2064	82
881	2242	107
882	2329	86
883	2124	85
884	2303	83
885	2277	88
886	2198	86
887	2530	91
888	2461	91
889	2135	88
890	2270	87
891	2998	94
892	2294	90
893	2276	92
894	2214	97
895	2221	90
896	2144	86
897	2332	87
898	2544	89
899	3281	121
900	3563	94
901	2358	91
902	2836	124
903	2521	94
904	2660	98
905	2297	89
906	2213	87
907	2291	89
908	2318	89
909	2486	93
910	2431	100
911	2381	88
912	2278	88
913	2208	96
914	2271	91
915	2387	87
916	2338	87
917	2321	89
918	2368	89
919	2243	90
920	2266	88
921	2162	88
922	2309	86
923	2253	89
924	2246	89
925	2433	84
926	2353	87
927	2261	88
928	2364	93
929	2349	89
930	2222	86
931	2362	87
932	2285	87
933	2347	91
934	2320	89
935	2295	87
936	2333	89
937	2374	92
938	2369	90
939	2518	91
940	2305	89
941	2425	91
942	2313	92
943	2310	91
944	2411	95
945	2376	94
946	2433	92
947	2381	96
948	2411	90
949	2499	91
950	2442	94
951	2367	98
952	2423	92
953	2413	93
954	2406	93
955	2564	90
956	2409	90
957	2422	87
958	2465	100
959	2471	92
960	2391	88
961	2423	91
962	2452	95
963	2477	94
964	2571	91
965	2408	92
966	2411	97
967	2403	98
968	2525	92
969	2461	94
970	2419	94
971	2534	88
972	2509	93
973	2566	94
974	2575	92
975	2520	93
976	2476	129
977	2419	100
978	2681	98
979	2564	95
980	2573	94
981	2631	96
982	2591	94
983	2829	92
984	2645	99
985	2543	95
986	2577	98
987	2617	98
988	2600	104
989	2692	110
990	2651	94
991	2612	94
992	2655	95
993	2637	99
994	2661	92
995	2637	99
996	2673	97
997	2610	94
998	2658	93
999	2683	101
