n	time_QuickSort
0	2
1	0
2	0
3	0
4	0
5	1
6	1
7	1
8	1
9	1
10	0
11	1
12	1
13	1
14	1
15	1
16	1
17	1
18	2
19	2
20	1
21	2
22	2
23	3
24	2
25	3
26	2
27	3
28	2
29	3
30	2
31	3
32	2
33	3
34	3
35	3
36	3
37	4
38	3
39	4
40	4
41	4
42	4
43	5
44	3
45	3
46	3
47	3
48	4
49	3
50	3
51	3
52	4
53	4
54	4
55	4
56	5
57	4
58	5
59	5
60	4
61	5
62	5
63	5
64	5
65	5
66	5
67	5
68	5
69	6
70	5
71	6
72	6
73	6
74	6
75	6
76	6
77	6
78	6
79	7
80	6
81	6
82	6
83	20
84	7
85	8
86	6
87	7
88	6
89	7
90	7
91	8
92	6
93	8
94	8
95	7
96	8
97	7
98	8
99	8
100	9
101	8
102	9
103	8
104	10
105	9
106	9
107	8
108	9
109	10
110	9
111	9
112	10
113	9
114	10
115	9
116	10
117	10
118	10
119	10
120	10
121	10
122	11
123	9
124	10
125	10
126	11
127	11
128	11
129	12
130	11
131	11
132	11
133	10
134	11
135	11
136	11
137	11
138	12
139	12
140	11
141	12
142	13
143	13
144	12
145	12
146	12
147	13
148	13
149	14
150	12
151	15
152	13
153	13
154	14
155	15
156	14
157	15
158	15
159	14
160	13
161	15
162	15
163	16
164	14
165	15
166	14
167	15
168	15
169	16
170	15
171	15
172	15
173	15
174	15
175	17
176	16
177	17
178	15
179	17
180	17
181	18
182	16
183	17
184	17
185	18
186	16
187	17
188	17
189	18
190	17
191	18
192	18
193	18
194	17
195	18
196	18
197	18
198	18
199	20
200	18
201	19
202	18
203	18
204	18
205	18
206	18
207	20
208	18
209	20
210	19
211	20
212	19
213	19
214	18
215	20
216	21
217	20
218	19
219	20
220	20
221	19
222	19
223	20
224	20
225	22
226	20
227	20
228	20
229	20
230	21
231	21
232	20
233	21
234	20
235	21
236	23
237	21
238	24
239	22
240	23
241	21
242	23
243	22
244	23
245	23
246	26
247	23
248	23
249	23
250	23
251	23
252	22
253	21
254	23
255	24
256	22
257	24
258	23
259	37
260	23
261	24
262	23
263	24
264	23
265	24
266	23
267	24
268	23
269	23
270	25
271	24
272	33
273	24
274	25
275	28
276	26
277	25
278	25
279	25
280	25
281	25
282	25
283	25
284	27
285	24
286	25
287	26
288	26
289	26
290	25
291	26
292	25
293	28
294	26
295	28
296	25
297	49
298	26
299	29
300	28
301	34
302	27
303	29
304	27
305	29
306	26
307	28
308	27
309	30
310	27
311	28
312	29
313	28
314	29
315	27
316	29
317	30
318	29
319	30
320	29
321	29
322	29
323	29
324	30
325	29
326	28
327	30
328	30
329	29
330	30
331	30
332	29
333	29
334	31
335	30
336	29
337	28
338	30
339	30
340	31
341	32
342	31
343	30
344	31
345	31
346	31
347	31
348	32
349	32
350	30
351	31
352	33
353	31
354	35
355	32
356	46
357	34
358	34
359	31
360	31
361	35
362	30
363	32
364	31
365	32
366	34
367	34
368	32
369	35
370	34
371	32
372	32
373	33
374	32
375	32
376	32
377	36
378	32
379	34
380	32
381	33
382	36
383	34
384	63
385	34
386	35
387	34
388	36
389	34
390	36
391	34
392	33
393	36
394	36
395	36
396	35
397	37
398	34
399	36
400	33
401	34
402	40
403	35
404	38
405	37
406	34
407	36
408	37
409	38
410	38
411	39
412	38
413	38
414	39
415	38
416	36
417	40
418	38
419	39
420	36
421	40
422	41
423	40
424	42
425	39
426	38
427	39
428	39
429	39
430	40
431	42
432	40
433	40
434	39
435	39
436	40
437	39
438	40
439	39
440	41
441	38
442	40
443	41
444	40
445	50
446	45
447	41
448	40
449	41
450	41
451	43
452	39
453	40
454	44
455	42
456	41
457	45
458	39
459	41
460	41
461	42
462	43
463	41
464	44
465	42
466	41
467	43
468	45
469	44
470	42
471	41
472	43
473	46
474	43
475	45
476	43
477	44
478	46
479	43
480	48
481	43
482	44
483	45
484	44
485	44
486	47
487	43
488	44
489	46
490	44
491	46
492	47
493	47
494	44
495	49
496	46
497	45
498	44
499	46
500	46
501	47
502	45
503	45
504	49
505	46
506	58
507	51
508	49
509	47
510	47
511	48
512	46
513	50
514	48
515	48
516	49
517	49
518	49
519	48
520	49
521	47
522	53
523	49
524	50
525	47
526	52
527	50
528	51
529	49
530	50
531	51
532	48
533	52
534	50
535	50
536	55
537	50
538	52
539	49
540	50
541	53
542	49
543	53
544	50
545	54
546	51
547	83
548	61
549	59
550	50
551	51
552	50
553	52
554	51
555	51
556	54
557	52
558	55
559	55
560	54
561	52
562	86
563	65
564	62
565	63
566	59
567	59
568	61
569	59
570	59
571	65
572	58
573	57
574	58
575	58
576	59
577	57
578	57
579	58
580	61
581	59
582	66
583	59
584	62
585	59
586	56
587	57
588	62
589	59
590	62
591	59
592	64
593	62
594	61
595	62
596	63
597	63
598	64
599	60
600	60
601	74
602	58
603	55
604	57
605	59
606	58
607	55
608	59
609	56
610	57
611	61
612	58
613	59
614	60
615	59
616	61
617	60
618	59
619	59
620	59
621	59
622	60
623	59
624	62
625	63
626	60
627	61
628	57
629	60
630	76
631	61
632	60
633	61
634	59
635	62
636	60
637	63
638	59
639	61
640	64
641	62
642	63
643	59
644	60
645	62
646	62
647	63
648	61
649	64
650	63
651	62
652	62
653	62
654	62
655	61
656	61
657	65
658	72
659	70
660	66
661	63
662	65
663	64
664	66
665	62
666	65
667	65
668	65
669	62
670	64
671	63
672	64
673	65
674	64
675	69
676	63
677	66
678	63
679	66
680	65
681	65
682	67
683	66
684	66
685	69
686	69
687	68
688	66
689	65
690	64
691	65
692	68
693	67
694	66
695	66
696	67
697	68
698	70
699	68
700	66
701	66
702	73
703	70
704	67
705	65
706	69
707	69
708	72
709	67
710	68
711	72
712	72
713	72
714	68
715	68
716	81
717	65
718	71
719	66
720	69
721	68
722	65
723	71
724	68
725	66
726	69
727	70
728	68
729	67
730	69
731	71
732	71
733	73
734	67
735	73
736	70
737	67
738	71
739	69
740	68
741	113
742	114
743	180
744	108
745	114
746	132
747	93
748	117
749	90
750	105
751	69
752	95
753	160
754	100
755	95
756	123
757	73
758	69
759	72
760	73
761	74
762	70
763	71
764	70
765	69
766	73
767	72
768	75
769	76
770	73
771	77
772	70
773	75
774	73
775	76
776	75
777	73
778	72
779	79
780	74
781	75
782	73
783	76
784	75
785	74
786	78
787	77
788	76
789	74
790	75
791	73
792	74
793	73
794	73
795	76
796	76
797	74
798	80
799	80
800	77
801	75
802	80
803	83
804	77
805	82
806	76
807	75
808	75
809	81
810	77
811	80
812	75
813	81
814	75
815	75
816	78
817	76
818	77
819	78
820	78
821	78
822	80
823	78
824	79
825	87
826	80
827	82
828	84
829	81
830	83
831	81
832	104
833	166
834	84
835	100
836	108
837	161
838	179
839	152
840	81
841	80
842	85
843	86
844	137
845	131
846	116
847	87
848	84
849	82
850	80
851	82
852	81
853	85
854	82
855	79
856	88
857	83
858	82
859	84
860	86
861	91
862	80
863	85
864	85
865	87
866	80
867	82
868	84
869	83
870	83
871	83
872	85
873	88
874	89
875	81
876	84
877	82
878	87
879	81
880	84
881	82
882	87
883	85
884	83
885	94
886	86
887	85
888	86
889	85
890	87
891	85
892	87
893	86
894	87
895	85
896	87
897	88
898	92
899	87
900	93
901	89
902	87
903	87
904	86
905	106
906	92
907	86
908	89
909	84
910	92
911	92
912	92
913	87
914	90
915	89
916	127
917	184
918	134
919	97
920	204
921	214
922	180
923	148
924	116
925	107
926	95
927	90
928	106
929	93
930	93
931	92
932	90
933	103
934	92
935	92
936	93
937	95
938	93
939	94
940	93
941	95
942	93
943	96
944	95
945	123
946	99
947	101
948	94
949	94
950	96
951	97
952	91
953	92
954	100
955	98
956	93
957	95
958	97
959	95
960	96
961	95
962	96
963	95
964	96
965	102
966	102
967	105
968	96
969	96
970	99
971	94
972	96
973	94
974	97
975	97
976	100
977	98
978	99
979	96
980	99
981	98
982	97
983	101
984	97
985	102
986	104
987	99
988	98
989	108
990	102
991	103
992	125
993	98
994	116
995	104
996	103
997	99
998	111
999	99
1000	101
1001	107
1002	101
1003	103
1004	102
1005	99
1006	108
1007	106
1008	103
1009	103
1010	109
1011	99
1012	107
1013	105
1014	104
1015	101
1016	102
1017	99
1018	100
1019	101
1020	103
1021	103
1022	105
1023	115
1024	108
1025	99
1026	101
1027	99
1028	100
1029	103
1030	101
1031	101
1032	101
1033	101
1034	98
1035	106
1036	98
1037	103
1038	109
1039	100
1040	105
1041	104
1042	100
1043	105
1044	98
1045	102
1046	105
1047	99
1048	102
1049	109
1050	102
1051	101
1052	103
1053	110
1054	105
1055	104
1056	157
1057	151
1058	134
1059	171
1060	206
1061	166
1062	204
1063	123
1064	104
1065	115
1066	105
1067	105
1068	101
1069	107
1070	103
1071	107
1072	106
1073	150
1074	110
1075	103
1076	115
1077	112
1078	106
1079	107
1080	106
1081	109
1082	110
1083	107
1084	104
1085	108
1086	109
1087	109
1088	107
1089	111
1090	117
1091	115
1092	106
1093	106
1094	111
1095	108
1096	114
1097	107
1098	110
1099	110
1100	108
1101	111
1102	106
1103	107
1104	110
1105	112
1106	112
1107	107
1108	115
1109	106
1110	107
1111	113
1112	111
1113	107
1114	115
1115	116
1116	120
1117	111
1118	113
1119	111
1120	117
1121	113
1122	112
1123	106
1124	104
1125	177
1126	144
1127	185
1128	157
1129	201
1130	160
1131	114
1132	147
1133	190
1134	163
1135	213
1136	111
1137	113
1138	113
1139	116
1140	117
1141	116
1142	112
1143	111
1144	112
1145	113
1146	115
1147	113
1148	115
1149	115
1150	119
1151	120
1152	115
1153	114
1154	110
1155	119
1156	114
1157	121
1158	114
1159	114
1160	124
1161	115
1162	118
1163	116
1164	119
1165	121
1166	118
1167	116
1168	114
1169	116
1170	116
1171	115
1172	117
1173	116
1174	121
1175	117
1176	121
1177	119
1178	119
1179	116
1180	120
1181	118
1182	121
1183	118
1184	114
1185	204
1186	167
1187	145
1188	271
1189	201
1190	194
1191	157
1192	120
1193	113
1194	119
1195	121
1196	118
1197	120
1198	124
1199	121
1200	121
1201	122
1202	121
1203	121
1204	122
1205	118
1206	123
1207	121
1208	122
1209	132
1210	123
1211	122
1212	122
1213	134
1214	123
1215	123
1216	121
1217	125
1218	121
1219	120
1220	123
1221	124
1222	123
1223	127
1224	119
1225	121
1226	121
1227	125
1228	119
1229	121
1230	121
1231	122
1232	125
1233	127
1234	123
1235	132
1236	121
1237	127
1238	130
1239	128
1240	121
1241	132
1242	229
1243	155
1244	172
1245	160
1246	219
1247	242
1248	165
1249	162
1250	131
1251	130
1252	126
1253	136
1254	130
1255	127
1256	132
1257	134
1258	134
1259	127
1260	134
1261	133
1262	133
1263	134
1264	143
1265	132
1266	138
1267	133
1268	135
1269	135
1270	128
1271	137
1272	130
1273	126
1274	133
1275	146
1276	137
1277	142
1278	137
1279	133
1280	133
1281	131
1282	134
1283	130
1284	129
1285	133
1286	130
1287	133
1288	133
1289	131
1290	130
1291	135
1292	130
1293	139
1294	140
1295	130
1296	136
1297	154
1298	158
1299	159
1300	139
1301	144
1302	134
1303	136
1304	141
1305	131
1306	141
1307	139
1308	137
1309	137
1310	141
1311	134
1312	137
1313	140
1314	134
1315	138
1316	135
1317	141
1318	136
1319	143
1320	139
1321	143
1322	137
1323	134
1324	137
1325	135
1326	139
1327	136
1328	134
1329	134
1330	138
1331	134
1332	135
1333	138
1334	134
1335	140
1336	132
1337	137
1338	139
1339	137
1340	130
1341	137
1342	137
1343	144
1344	137
1345	136
1346	137
1347	135
1348	136
1349	139
1350	133
1351	274
1352	310
1353	246
1354	180
1355	137
1356	197
1357	238
1358	206
1359	136
1360	137
1361	147
1362	140
1363	141
1364	147
1365	141
1366	142
1367	140
1368	135
1369	142
1370	145
1371	138
1372	140
1373	140
1374	146
1375	138
1376	143
1377	139
1378	148
1379	138
1380	142
1381	140
1382	143
1383	142
1384	138
1385	152
1386	143
1387	145
1388	143
1389	143
1390	148
1391	140
1392	141
1393	138
1394	140
1395	151
1396	143
1397	140
1398	141
1399	146
1400	138
1401	204
1402	180
1403	274
1404	192
1405	243
1406	213
1407	224
1408	216
1409	189
1410	299
1411	213
1412	164
1413	167
1414	157
1415	152
1416	248
1417	170
1418	160
1419	184
1420	179
1421	164
1422	233
1423	152
1424	141
1425	147
1426	140
1427	145
1428	145
1429	146
1430	148
1431	148
1432	147
1433	148
1434	141
1435	148
1436	152
1437	162
1438	153
1439	168
1440	165
1441	155
1442	159
1443	168
1444	156
1445	151
1446	154
1447	155
1448	160
1449	149
1450	162
1451	165
1452	170
1453	151
1454	157
1455	152
1456	154
1457	154
1458	155
1459	152
1460	157
1461	153
1462	153
1463	154
1464	154
1465	152
1466	163
1467	160
1468	156
1469	151
1470	164
1471	151
1472	153
1473	149
1474	157
1475	152
1476	156
1477	163
1478	167
1479	151
1480	165
1481	159
1482	157
1483	173
1484	156
1485	158
1486	159
1487	158
1488	156
1489	159
1490	188
1491	169
1492	168
1493	162
1494	167
1495	158
1496	162
1497	169
1498	156
1499	159
1500	157
1501	160
1502	155
1503	165
1504	171
1505	167
1506	160
1507	163
1508	161
1509	162
1510	166
1511	165
1512	161
1513	168
1514	169
1515	165
1516	173
1517	162
1518	198
1519	162
1520	160
1521	161
1522	168
1523	176
1524	165
1525	200
1526	174
1527	173
1528	161
1529	171
1530	177
1531	177
1532	191
1533	201
1534	167
1535	170
1536	187
1537	181
1538	296
1539	162
1540	182
1541	248
1542	165
1543	187
1544	174
1545	192
1546	198
1547	170
1548	168
1549	161
1550	219
1551	166
1552	167
1553	165
1554	173
1555	172
1556	166
1557	161
1558	165
1559	162
1560	170
1561	167
1562	160
1563	182
1564	174
1565	165
1566	168
1567	170
1568	172
1569	167
1570	175
1571	168
1572	166
1573	168
1574	164
1575	171
1576	191
1577	185
1578	190
1579	176
1580	174
1581	179
1582	169
1583	168
1584	166
1585	171
1586	165
1587	170
1588	185
1589	183
1590	176
1591	175
1592	168
1593	168
1594	171
1595	174
1596	169
1597	167
1598	167
1599	162
1600	169
1601	175
1602	167
1603	175
1604	167
1605	170
1606	174
1607	179
1608	174
1609	177
1610	172
1611	172
1612	177
1613	173
1614	181
1615	172
1616	172
1617	201
1618	188
1619	197
1620	184
1621	181
1622	173
1623	179
1624	169
1625	181
1626	176
1627	174
1628	166
1629	176
1630	176
1631	175
1632	184
1633	172
1634	176
1635	177
1636	171
1637	174
1638	186
1639	173
1640	181
1641	173
1642	178
1643	183
1644	176
1645	182
1646	178
1647	181
1648	181
1649	177
1650	188
1651	181
1652	182
1653	173
1654	185
1655	176
1656	200
1657	180
1658	171
1659	177
1660	180
1661	176
1662	308
1663	226
1664	421
1665	248
1666	195
1667	184
1668	184
1669	176
1670	181
1671	180
1672	178
1673	184
1674	176
1675	174
1676	170
1677	178
1678	176
1679	171
1680	176
1681	174
1682	188
1683	180
1684	212
1685	172
1686	182
1687	191
1688	175
1689	175
1690	176
1691	176
1692	183
1693	182
1694	172
1695	187
1696	185
1697	176
1698	181
1699	172
1700	176
1701	263
1702	283
1703	357
1704	184
1705	182
1706	193
1707	187
1708	194
1709	187
1710	182
1711	184
1712	179
1713	184
1714	188
1715	183
1716	188
1717	180
1718	201
1719	195
1720	193
1721	186
1722	189
1723	201
1724	187
1725	196
1726	185
1727	187
1728	183
1729	194
1730	190
1731	181
1732	186
1733	190
1734	206
1735	189
1736	189
1737	188
1738	198
1739	193
1740	189
1741	185
1742	202
1743	186
1744	213
1745	190
1746	190
1747	183
1748	180
1749	193
1750	194
1751	186
1752	191
1753	199
1754	183
1755	180
1756	189
1757	183
1758	180
1759	180
1760	190
1761	187
1762	192
1763	184
1764	184
1765	187
1766	194
1767	192
1768	187
1769	183
1770	184
1771	181
1772	181
1773	186
1774	192
1775	190
1776	190
1777	186
1778	195
1779	190
1780	194
1781	285
1782	272
1783	337
1784	309
1785	305
1786	188
1787	185
1788	195
1789	192
1790	184
1791	200
1792	199
1793	186
1794	184
1795	187
1796	191
1797	193
1798	186
1799	188
1800	194
1801	195
1802	190
1803	199
1804	194
1805	191
1806	191
1807	187
1808	191
1809	195
1810	188
1811	194
1812	197
1813	192
1814	192
1815	196
1816	190
1817	195
1818	321
1819	360
1820	365
1821	312
1822	189
1823	194
1824	189
1825	198
1826	187
1827	196
1828	194
1829	188
1830	192
1831	191
1832	201
1833	192
1834	200
1835	192
1836	195
1837	201
1838	193
1839	194
1840	198
1841	193
1842	194
1843	307
1844	196
1845	196
1846	197
1847	198
1848	193
1849	206
1850	203
1851	195
1852	197
1853	322
1854	285
1855	357
1856	306
1857	297
1858	303
1859	260
1860	195
1861	197
1862	200
1863	201
1864	207
1865	189
1866	202
1867	205
1868	195
1869	195
1870	194
1871	198
1872	189
1873	199
1874	194
1875	196
1876	196
1877	198
1878	205
1879	198
1880	201
1881	194
1882	199
1883	196
1884	199
1885	196
1886	200
1887	228
1888	395
1889	240
1890	214
1891	209
1892	202
1893	210
1894	200
1895	199
1896	203
1897	206
1898	213
1899	205
1900	207
1901	204
1902	206
1903	205
1904	214
1905	202
1906	209
1907	201
1908	203
1909	222
1910	204
1911	206
1912	223
1913	204
1914	208
1915	209
1916	204
1917	204
1918	207
1919	212
1920	219
1921	215
1922	223
1923	210
1924	218
1925	231
1926	237
1927	214
1928	221
1929	210
1930	210
1931	207
1932	209
1933	208
1934	216
1935	208
1936	209
1937	211
1938	212
1939	209
1940	215
1941	209
1942	211
1943	216
1944	209
1945	208
1946	222
1947	216
1948	225
1949	223
1950	214
1951	219
1952	221
1953	213
1954	216
1955	208
1956	226
1957	214
1958	229
1959	260
1960	240
1961	217
1962	210
1963	211
1964	224
1965	209
1966	212
1967	217
1968	219
1969	217
1970	217
1971	229
1972	213
1973	213
1974	212
1975	216
1976	216
1977	228
1978	212
1979	222
1980	212
1981	211
1982	207
1983	223
1984	215
1985	216
1986	209
1987	210
1988	210
1989	210
1990	211
1991	227
1992	212
1993	210
1994	254
1995	350
1996	388
1997	302
1998	357
1999	261
2000	278
2001	234
2002	214
2003	215
2004	233
2005	216
2006	211
2007	227
2008	211
2009	208
2010	219
2011	219
2012	223
2013	213
2014	205
2015	210
2016	204
2017	212
2018	214
2019	220
2020	219
2021	225
2022	214
2023	213
2024	225
2025	224
2026	214
2027	299
2028	220
2029	216
2030	214
2031	217
2032	238
2033	221
2034	225
2035	220
2036	209
2037	212
2038	215
2039	219
2040	223
2041	213
2042	214
2043	215
2044	214
2045	219
2046	220
2047	219
2048	216
2049	225
2050	220
2051	222
2052	226
2053	224
2054	211
2055	227
2056	213
2057	226
2058	232
2059	210
2060	218
2061	426
2062	397
2063	468
2064	311
2065	216
2066	212
2067	222
2068	218
2069	217
2070	217
2071	216
2072	220
2073	221
2074	210
2075	206
2076	213
2077	218
2078	217
2079	219
2080	222
2081	223
2082	209
2083	221
2084	219
2085	213
2086	211
2087	215
2088	223
2089	220
2090	224
2091	228
2092	218
2093	420
2094	424
2095	453
2096	250
2097	237
2098	222
2099	226
2100	233
2101	227
2102	223
2103	228
2104	230
2105	231
2106	240
2107	235
2108	224
2109	245
2110	230
2111	228
2112	231
2113	226
2114	225
2115	231
2116	233
2117	225
2118	226
2119	233
2120	224
2121	226
2122	336
2123	228
2124	226
2125	235
2126	243
2127	239
2128	236
2129	231
2130	236
2131	223
2132	237
2133	250
2134	239
2135	220
2136	231
2137	232
2138	250
2139	235
2140	222
2141	224
2142	214
2143	222
2144	224
2145	231
2146	219
2147	225
2148	222
2149	245
2150	221
2151	222
2152	224
2153	231
2154	237
2155	326
2156	305
2157	226
2158	223
2159	229
2160	223
2161	322
2162	232
2163	228
2164	240
2165	227
2166	227
2167	229
2168	229
2169	224
2170	223
2171	243
2172	232
2173	226
2174	253
2175	231
2176	227
2177	229
2178	230
2179	230
2180	239
2181	243
2182	236
2183	233
2184	231
2185	231
2186	226
2187	433
2188	455
2189	491
2190	252
2191	442
2192	413
2193	235
2194	229
2195	224
2196	225
2197	244
2198	226
2199	227
2200	235
2201	228
2202	240
2203	231
2204	243
2205	239
2206	230
2207	238
2208	237
2209	232
2210	234
2211	232
2212	243
2213	234
2214	229
2215	316
2216	341
2217	273
2218	286
2219	233
2220	294
2221	231
2222	235
2223	236
2224	231
2225	235
2226	241
2227	239
2228	236
2229	233
2230	239
2231	247
2232	421
2233	278
2234	227
2235	314
2236	310
2237	234
2238	238
2239	240
2240	234
2241	252
2242	241
2243	233
2244	237
2245	242
2246	406
2247	290
2248	239
2249	244
2250	326
2251	240
2252	239
2253	246
2254	244
2255	237
2256	240
2257	241
2258	238
2259	240
2260	242
2261	247
2262	241
2263	239
2264	254
2265	362
2266	243
2267	246
2268	248
2269	255
2270	268
2271	248
2272	270
2273	251
2274	242
2275	343
2276	251
2277	245
2278	248
2279	355
2280	267
2281	316
2282	270
2283	258
2284	265
2285	255
2286	261
2287	258
2288	249
2289	258
2290	247
2291	244
2292	253
2293	296
2294	250
2295	290
2296	247
2297	244
2298	251
2299	241
2300	260
2301	258
2302	249
2303	260
2304	368
2305	384
2306	439
2307	512
2308	349
2309	394
2310	256
2311	254
2312	255
2313	259
2314	249
2315	251
2316	251
2317	252
2318	262
2319	264
2320	289
2321	255
2322	253
2323	252
2324	251
2325	250
2326	255
2327	253
2328	255
2329	261
2330	338
2331	252
2332	254
2333	254
2334	256
2335	313
2336	338
2337	344
2338	257
2339	258
2340	266
2341	311
2342	430
2343	410
2344	471
2345	393
2346	254
2347	268
2348	262
2349	258
2350	403
2351	294
2352	270
2353	275
2354	258
2355	302
2356	269
2357	267
2358	261
2359	257
2360	272
2361	263
2362	262
2363	266
2364	264
2365	284
2366	307
2367	296
2368	267
2369	307
2370	362
2371	314
2372	303
2373	292
2374	317
2375	294
2376	303
2377	294
2378	299
2379	278
2380	323
2381	313
2382	345
2383	301
2384	312
2385	314
2386	278
2387	320
2388	336
2389	286
2390	264
2391	279
2392	272
2393	272
2394	274
2395	272
2396	268
2397	341
2398	273
2399	267
2400	280
2401	319
2402	316
2403	303
2404	290
2405	313
2406	288
2407	338
2408	369
2409	310
2410	287
2411	297
2412	278
2413	323
2414	323
2415	342
2416	274
2417	286
2418	270
2419	277
2420	269
2421	287
2422	275
2423	269
2424	276
2425	271
2426	271
2427	271
2428	273
2429	271
2430	276
2431	313
2432	285
2433	271
2434	272
2435	283
2436	303
2437	275
2438	286
2439	283
2440	326
2441	295
2442	276
2443	292
2444	280
2445	276
2446	333
2447	340
2448	316
2449	302
2450	293
2451	304
2452	306
2453	304
2454	295
2455	286
2456	284
2457	324
2458	323
2459	283
2460	273
2461	274
2462	287
2463	280
2464	308
2465	293
2466	281
2467	278
2468	340
2469	343
2470	275
2471	298
2472	353
2473	349
2474	318
2475	335
2476	314
2477	336
2478	305
2479	311
2480	277
2481	349
2482	289
2483	293
2484	278
2485	300
2486	278
2487	337
2488	283
2489	280
2490	309
2491	283
2492	290
2493	268
2494	287
2495	288
2496	296
2497	292
2498	289
2499	276
2500	278
2501	285
2502	350
2503	295
2504	315
2505	331
2506	300
2507	338
2508	323
2509	317
2510	284
2511	284
2512	281
2513	295
2514	284
2515	294
2516	283
2517	286
2518	285
2519	305
2520	277
2521	290
2522	293
2523	278
2524	293
2525	283
2526	293
2527	275
2528	287
2529	301
2530	315
2531	317
2532	307
2533	296
2534	285
2535	294
2536	306
2537	293
2538	287
2539	309
2540	283
2541	295
2542	284
2543	328
2544	305
2545	310
2546	317
2547	304
2548	312
2549	302
2550	316
2551	280
2552	286
2553	294
2554	285
2555	291
2556	297
2557	317
2558	289
2559	295
2560	310
2561	285
2562	288
2563	288
2564	283
2565	301
2566	290
2567	297
2568	294
2569	296
2570	282
2571	303
2572	287
2573	289
2574	300
2575	309
2576	293
2577	289
2578	317
2579	344
2580	316
2581	304
2582	322
2583	313
2584	300
2585	300
2586	305
2587	294
2588	303
2589	296
2590	289
2591	293
2592	300
2593	290
2594	290
2595	294
2596	300
2597	308
2598	301
2599	299
2600	286
2601	289
2602	309
2603	291
2604	292
2605	298
2606	300
2607	307
2608	325
2609	310
2610	316
2611	303
2612	294
2613	323
2614	339
2615	303
2616	306
2617	304
2618	308
2619	302
2620	302
2621	298
2622	295
2623	299
2624	289
2625	293
2626	296
2627	307
2628	303
2629	305
2630	297
2631	290
2632	304
2633	322
2634	320
2635	303
2636	299
2637	289
2638	295
2639	318
2640	300
2641	300
2642	309
2643	300
2644	297
2645	304
2646	294
2647	349
2648	319
2649	311
2650	342
2651	320
2652	314
2653	325
2654	334
2655	304
2656	303
2657	298
2658	303
2659	300
2660	306
2661	321
2662	306
2663	303
2664	305
2665	308
2666	300
2667	318
2668	299
2669	303
2670	288
2671	331
2672	321
2673	316
2674	301
2675	370
2676	306
2677	313
2678	334
2679	345
2680	319
2681	346
2682	334
2683	318
2684	313
2685	317
2686	318
2687	305
2688	302
2689	333
2690	309
2691	296
2692	298
2693	305
2694	301
2695	301
2696	330
2697	312
2698	310
2699	323
2700	328
2701	321
2702	314
2703	320
2704	320
2705	324
2706	312
2707	342
2708	310
2709	322
2710	317
2711	335
2712	322
2713	343
2714	333
2715	323
2716	309
2717	320
2718	313
2719	303
2720	314
2721	318
2722	313
2723	310
2724	317
2725	300
2726	306
2727	302
2728	301
2729	313
2730	451
2731	548
2732	482
2733	311
2734	301
2735	291
2736	306
2737	308
2738	464
2739	404
2740	300
2741	321
2742	455
2743	301
2744	312
2745	461
2746	391
2747	336
2748	327
2749	330
2750	364
2751	368
2752	316
2753	331
2754	311
2755	318
2756	331
2757	316
2758	313
2759	305
2760	328
2761	320
2762	313
2763	309
2764	312
2765	318
2766	313
2767	312
2768	343
2769	312
2770	318
2771	317
2772	309
2773	315
2774	334
2775	331
2776	324
2777	326
2778	350
2779	336
2780	325
2781	355
2782	334
2783	331
2784	338
2785	348
2786	321
2787	317
2788	318
2789	319
2790	329
2791	312
2792	315
2793	323
2794	334
2795	328
2796	347
2797	325
2798	328
2799	320
2800	335
2801	318
2802	320
2803	335
2804	317
2805	333
2806	325
2807	318
2808	309
2809	398
2810	344
2811	319
2812	311
2813	319
2814	457
2815	335
2816	319
2817	344
2818	334
2819	375
2820	429
2821	471
2822	611
2823	439
2824	326
2825	332
2826	322
2827	315
2828	310
2829	310
2830	327
2831	395
2832	319
2833	311
2834	313
2835	329
2836	320
2837	329
2838	342
2839	343
2840	335
2841	328
2842	355
2843	399
2844	335
2845	346
2846	335
2847	332
2848	352
2849	340
2850	347
2851	329
2852	344
2853	324
2854	345
2855	320
2856	347
2857	326
2858	322
2859	330
2860	335
2861	321
2862	339
2863	334
2864	318
2865	478
2866	508
2867	469
2868	442
2869	368
2870	370
2871	590
2872	329
2873	319
2874	431
2875	376
2876	335
2877	352
2878	331
2879	403
2880	321
2881	319
2882	340
2883	358
2884	503
2885	331
2886	322
2887	358
2888	367
2889	335
2890	319
2891	336
2892	335
2893	331
2894	342
2895	332
2896	331
2897	337
2898	327
2899	337
2900	328
2901	403
2902	339
2903	352
2904	370
2905	379
2906	342
2907	351
2908	325
2909	339
2910	342
2911	333
2912	328
2913	341
2914	337
2915	345
2916	330
2917	310
2918	323
2919	323
2920	337
2921	416
2922	321
2923	328
2924	325
2925	321
2926	309
2927	329
2928	507
2929	438
2930	414
2931	396
2932	511
2933	378
2934	354
2935	350
2936	350
2937	460
2938	347
2939	333
2940	332
2941	315
2942	338
2943	331
2944	342
2945	325
2946	341
2947	340
2948	325
2949	496
2950	330
2951	325
2952	335
2953	333
2954	437
2955	324
2956	333
2957	330
2958	598
2959	326
2960	326
2961	367
2962	355
2963	408
2964	378
2965	343
2966	330
2967	331
2968	323
2969	331
2970	324
2971	635
2972	583
2973	474
2974	464
2975	336
2976	323
2977	331
2978	330
2979	327
2980	342
2981	326
2982	336
2983	336
2984	431
2985	328
2986	341
2987	339
2988	549
2989	456
2990	374
2991	356
2992	378
2993	363
2994	363
2995	362
2996	343
2997	342
2998	364
2999	344
3000	340
3001	347
3002	350
3003	364
3004	349
3005	348
3006	350
3007	341
3008	352
3009	349
3010	352
3011	378
3012	387
3013	349
3014	369
3015	378
3016	349
3017	357
3018	389
3019	366
3020	350
3021	356
3022	341
3023	338
3024	331
3025	351
3026	345
3027	345
3028	341
3029	331
3030	363
3031	354
3032	440
3033	418
3034	338
3035	331
3036	339
3037	354
3038	327
3039	377
3040	333
3041	349
3042	345
3043	377
3044	517
3045	344
3046	404
3047	380
3048	360
3049	430
3050	403
3051	503
3052	528
3053	558
3054	491
3055	398
3056	471
3057	347
3058	341
3059	337
3060	345
3061	355
3062	334
3063	339
3064	344
3065	332
3066	343
3067	360
3068	350
3069	364
3070	415
3071	386
3072	390
3073	380
3074	384
3075	376
3076	352
3077	355
3078	356
3079	351
3080	355
3081	348
3082	370
3083	351
3084	359
3085	348
3086	356
3087	352
3088	353
3089	354
3090	351
3091	369
3092	349
3093	349
3094	420
3095	355
3096	358
3097	372
3098	397
3099	401
3100	385
3101	382
3102	370
3103	379
3104	406
3105	359
3106	364
3107	368
3108	380
3109	354
3110	353
3111	372
3112	357
3113	361
3114	375
3115	358
3116	363
3117	361
3118	358
3119	363
3120	384
3121	347
3122	423
3123	370
3124	357
3125	428
3126	507
3127	354
3128	378
3129	368
3130	369
3131	376
3132	475
3133	542
3134	538
3135	526
3136	370
3137	444
3138	434
3139	462
3140	407
3141	357
3142	358
3143	383
3144	368
3145	380
3146	369
3147	382
3148	377
3149	424
3150	404
3151	395
3152	400
3153	403
3154	384
3155	384
3156	397
3157	404
3158	389
3159	391
3160	395
3161	361
3162	359
3163	376
3164	368
3165	369
3166	367
3167	366
3168	381
3169	371
3170	364
3171	400
3172	428
3173	359
3174	372
3175	358
3176	360
3177	370
3178	367
3179	376
3180	374
3181	396
3182	391
3183	382
3184	378
3185	371
3186	361
3187	366
3188	360
3189	376
3190	377
3191	394
3192	367
3193	369
3194	350
3195	370
3196	363
3197	380
3198	373
3199	395
3200	388
3201	373
3202	363
3203	377
3204	377
3205	367
3206	372
3207	379
3208	386
3209	437
3210	381
3211	368
3212	482
3213	449
3214	407
3215	390
3216	371
3217	383
3218	375
3219	408
3220	394
3221	448
3222	364
3223	398
3224	393
3225	382
3226	395
3227	390
3228	392
3229	383
3230	391
3231	426
3232	387
3233	371
3234	373
3235	367
3236	374
3237	391
3238	399
3239	371
3240	410
3241	384
3242	382
3243	375
3244	367
3245	372
3246	383
3247	394
3248	372
3249	365
3250	375
3251	388
3252	379
3253	396
3254	387
3255	385
3256	389
3257	383
3258	377
3259	358
3260	385
3261	380
3262	380
3263	374
3264	400
3265	393
3266	385
3267	383
3268	359
3269	379
3270	372
3271	460
3272	438
3273	372
3274	369
3275	373
3276	413
3277	367
3278	384
3279	374
3280	373
3281	376
3282	384
3283	363
3284	361
3285	358
3286	378
3287	388
3288	400
3289	369
3290	375
3291	535
3292	369
3293	371
3294	371
3295	384
3296	369
3297	382
3298	382
3299	377
3300	367
3301	385
3302	376
3303	408
3304	385
3305	392
3306	379
3307	389
3308	369
3309	374
3310	400
3311	557
3312	370
3313	388
3314	380
3315	381
3316	362
3317	396
3318	375
3319	371
3320	409
3321	395
3322	374
3323	368
3324	373
3325	389
3326	382
3327	378
3328	381
3329	378
3330	378
3331	514
3332	382
3333	382
3334	390
3335	386
3336	382
3337	381
3338	380
3339	394
3340	381
3341	377
3342	380
3343	380
3344	376
3345	364
3346	370
3347	382
3348	435
3349	373
3350	398
3351	581
3352	394
3353	382
3354	369
3355	371
3356	373
3357	372
3358	373
3359	378
3360	374
3361	374
3362	382
3363	372
3364	370
3365	387
3366	374
3367	369
3368	364
3369	460
3370	477
3371	380
3372	377
3373	361
3374	369
3375	373
3376	428
3377	378
3378	380
3379	355
3380	382
3381	379
3382	382
3383	383
3384	383
3385	377
3386	390
3387	372
3388	391
3389	396
3390	616
3391	372
3392	378
3393	371
3394	379
3395	369
3396	378
3397	377
3398	378
3399	395
3400	392
3401	364
3402	387
3403	381
3404	375
3405	372
3406	379
3407	386
3408	367
3409	399
3410	636
3411	382
3412	384
3413	374
3414	380
3415	387
3416	402
3417	370
3418	375
3419	378
3420	390
3421	390
3422	375
3423	391
3424	377
3425	374
3426	380
3427	388
3428	394
3429	382
3430	531
3431	375
3432	386
3433	397
3434	386
3435	547
3436	391
3437	377
3438	379
3439	389
3440	385
3441	387
3442	389
3443	380
3444	379
3445	383
3446	396
3447	392
3448	526
3449	418
3450	371
3451	371
3452	376
3453	388
3454	381
3455	404
3456	384
3457	380
3458	378
3459	380
3460	388
3461	396
3462	371
3463	375
3464	490
3465	377
3466	368
3467	385
3468	603
3469	375
3470	389
3471	405
3472	766
3473	626
3474	605
3475	382
3476	386
3477	398
3478	399
3479	408
3480	392
3481	395
3482	412
3483	402
3484	401
3485	576
3486	399
3487	396
3488	390
3489	385
3490	401
3491	388
3492	391
3493	414
3494	393
3495	408
3496	393
3497	383
3498	384
3499	394
3500	394
3501	410
3502	401
3503	404
3504	530
3505	395
3506	400
3507	422
3508	397
3509	406
3510	415
3511	401
3512	395
3513	427
3514	396
3515	406
3516	391
3517	408
3518	410
3519	419
3520	399
3521	398
3522	405
3523	535
3524	393
3525	396
3526	411
3527	411
3528	406
3529	404
3530	394
3531	404
3532	389
3533	398
3534	395
3535	399
3536	404
3537	394
3538	440
3539	394
3540	381
3541	638
3542	386
3543	473
3544	400
3545	392
3546	397
3547	386
3548	404
3549	403
3550	397
3551	393
3552	397
3553	403
3554	391
3555	653
3556	736
3557	613
3558	585
3559	470
3560	418
3561	433
3562	443
3563	464
3564	423
3565	446
3566	427
3567	466
3568	525
3569	411
3570	475
3571	545
3572	641
3573	778
3574	462
3575	399
3576	411
3577	419
3578	405
3579	415
3580	416
3581	402
3582	429
3583	418
3584	442
3585	439
3586	460
3587	467
3588	400
3589	423
3590	409
3591	675
3592	455
3593	417
3594	410
3595	414
3596	423
3597	454
3598	403
3599	409
3600	432
3601	413
3602	419
3603	453
3604	480
3605	415
3606	518
3607	418
3608	574
3609	478
3610	476
3611	438
3612	444
3613	421
3614	420
3615	439
3616	444
3617	453
3618	461
3619	419
3620	414
3621	414
3622	425
3623	490
3624	412
3625	553
3626	563
3627	409
3628	411
3629	413
3630	420
3631	411
3632	429
3633	418
3634	494
3635	423
3636	419
3637	413
3638	422
3639	417
3640	431
3641	437
3642	501
3643	621
3644	443
3645	414
3646	422
3647	417
3648	419
3649	425
3650	418
3651	421
3652	433
3653	419
3654	429
3655	412
3656	434
3657	422
3658	419
3659	414
3660	544
3661	528
3662	432
3663	438
3664	414
3665	424
3666	415
3667	425
3668	412
3669	424
3670	522
3671	422
3672	461
3673	580
3674	421
3675	578
3676	424
3677	676
3678	430
3679	482
3680	420
3681	476
3682	449
3683	423
3684	415
3685	458
3686	457
3687	449
3688	489
3689	421
3690	440
3691	416
3692	415
3693	554
3694	631
3695	443
3696	477
3697	505
3698	415
3699	422
3700	424
3701	432
3702	430
3703	428
3704	480
3705	437
3706	613
3707	607
3708	518
3709	666
3710	431
3711	425
3712	418
3713	513
3714	418
3715	416
3716	438
3717	452
3718	440
3719	438
3720	435
3721	439
3722	441
3723	451
3724	442
3725	440
3726	486
3727	440
3728	454
3729	430
3730	428
3731	449
3732	455
3733	432
3734	445
3735	440
3736	435
3737	435
3738	509
3739	532
3740	570
3741	431
3742	553
3743	558
3744	434
3745	522
3746	434
3747	418
3748	437
3749	424
3750	438
3751	433
3752	418
3753	420
3754	438
3755	432
3756	431
3757	446
3758	474
3759	537
3760	436
3761	429
3762	415
3763	427
3764	447
3765	446
3766	432
3767	432
3768	434
3769	433
3770	450
3771	433
3772	637
3773	604
3774	638
3775	471
3776	525
3777	426
3778	437
3779	431
3780	449
3781	454
3782	430
3783	447
3784	437
3785	563
3786	479
3787	431
3788	432
3789	432
3790	435
3791	612
3792	434
3793	451
3794	446
3795	432
3796	443
3797	437
3798	424
3799	437
3800	422
3801	459
3802	428
3803	431
3804	453
3805	503
3806	504
3807	576
3808	737
3809	475
3810	502
3811	445
3812	454
3813	462
3814	438
3815	444
3816	447
3817	443
3818	434
3819	462
3820	432
3821	433
3822	426
3823	438
3824	536
3825	532
3826	425
3827	449
3828	463
3829	440
3830	444
3831	433
3832	440
3833	448
3834	436
3835	442
3836	480
3837	447
3838	449
3839	438
3840	533
3841	751
3842	594
3843	461
3844	467
3845	456
3846	438
3847	458
3848	445
3849	465
3850	437
3851	429
3852	466
3853	457
3854	439
3855	452
3856	438
3857	614
3858	453
3859	489
3860	506
3861	462
3862	440
3863	440
3864	438
3865	438
3866	445
3867	470
3868	470
3869	442
3870	445
3871	443
3872	444
3873	578
3874	559
3875	534
3876	443
3877	570
3878	450
3879	468
3880	454
3881	463
3882	545
3883	442
3884	443
3885	488
3886	465
3887	448
3888	495
3889	494
3890	436
3891	469
3892	452
3893	471
3894	444
3895	441
3896	439
3897	483
3898	449
3899	442
3900	459
3901	445
3902	456
3903	446
3904	471
3905	445
3906	527
3907	451
3908	465
3909	490
3910	590
3911	564
3912	431
3913	598
3914	473
3915	474
3916	475
3917	457
3918	439
3919	449
3920	460
3921	428
3922	460
3923	454
3924	442
3925	463
3926	441
3927	443
3928	450
3929	451
3930	447
3931	464
3932	550
3933	449
3934	455
3935	451
3936	458
3937	451
3938	454
3939	467
3940	456
3941	472
3942	454
3943	435
3944	431
3945	649
3946	450
3947	447
3948	443
3949	462
3950	479
3951	456
3952	449
3953	452
3954	480
3955	461
3956	448
3957	435
3958	471
3959	447
3960	436
3961	442
3962	451
3963	435
3964	450
3965	437
3966	482
3967	458
3968	450
3969	443
3970	436
3971	447
3972	445
3973	525
3974	448
3975	443
3976	449
3977	447
3978	485
3979	473
3980	514
3981	443
3982	489
3983	442
3984	452
3985	464
3986	446
3987	484
3988	443
3989	444
3990	454
3991	441
3992	456
3993	456
3994	444
3995	454
3996	438
3997	452
3998	449
3999	461
4000	457
4001	438
4002	457
4003	438
4004	477
4005	455
4006	485
4007	455
4008	458
4009	459
4010	450
4011	523
4012	463
4013	458
4014	457
4015	468
4016	446
4017	455
4018	463
4019	456
4020	459
4021	457
4022	432
4023	450
4024	465
4025	467
4026	461
4027	451
4028	456
4029	454
4030	459
4031	462
4032	481
4033	459
4034	456
4035	462
4036	453
4037	452
4038	454
4039	472
4040	457
4041	449
4042	464
4043	456
4044	463
4045	462
4046	460
4047	459
4048	462
4049	444
4050	463
4051	456
4052	695
4053	656
4054	720
4055	707
4056	631
4057	607
4058	599
4059	487
4060	506
4061	501
4062	483
4063	486
4064	521
4065	489
4066	593
4067	592
4068	488
4069	533
4070	540
4071	581
4072	576
4073	498
4074	531
4075	478
4076	577
4077	555
4078	683
4079	545
4080	472
4081	601
4082	514
4083	484
4084	528
4085	583
4086	675
4087	526
4088	508
4089	496
4090	466
4091	483
4092	468
4093	473
4094	527
4095	483
4096	475
4097	488
4098	472
4099	483
4100	515
4101	455
4102	480
4103	486
4104	523
4105	479
4106	482
4107	587
4108	649
4109	487
4110	492
4111	498
4112	479
4113	485
4114	481
4115	478
4116	479
4117	505
4118	491
4119	502
4120	473
4121	468
4122	490
4123	493
4124	485
4125	478
4126	458
4127	473
4128	517
4129	477
4130	495
4131	473
4132	484
4133	509
4134	481
4135	467
4136	477
4137	480
4138	471
4139	485
4140	480
4141	552
4142	454
4143	460
4144	487
4145	467
4146	473
4147	468
4148	484
4149	468
4150	477
4151	473
4152	473
4153	579
4154	464
4155	478
4156	465
4157	464
4158	474
4159	541
4160	469
4161	532
4162	485
4163	478
4164	473
4165	468
4166	456
4167	496
4168	480
4169	472
4170	472
4171	494
4172	464
4173	464
4174	473
4175	474
4176	494
4177	488
4178	617
4179	463
4180	458
4181	482
4182	656
4183	472
4184	470
4185	480
4186	479
4187	463
4188	495
4189	478
4190	481
4191	471
4192	484
4193	516
4194	473
4195	504
4196	465
4197	483
4198	481
4199	470
4200	475
4201	494
4202	483
4203	483
4204	471
4205	477
4206	482
4207	625
4208	467
4209	489
4210	488
4211	496
4212	497
4213	482
4214	484
4215	497
4216	476
4217	476
4218	475
4219	487
4220	488
4221	492
4222	491
4223	486
4224	488
4225	511
4226	491
4227	518
4228	481
4229	479
4230	476
4231	478
4232	479
4233	475
4234	476
4235	490
4236	497
4237	479
4238	489
4239	477
4240	476
4241	515
4242	490
4243	479
4244	495
4245	504
4246	460
4247	488
4248	483
4249	494
4250	486
4251	523
4252	510
4253	470
4254	600
4255	481
4256	475
4257	507
4258	492
4259	525
4260	490
4261	501
4262	468
4263	500
4264	491
4265	482
4266	493
4267	493
4268	505
4269	500
4270	496
4271	472
4272	494
4273	478
4274	485
4275	503
4276	523
4277	514
4278	607
4279	531
4280	860
4281	706
4282	813
4283	866
4284	499
4285	661
4286	494
4287	494
4288	486
4289	498
4290	519
4291	502
4292	507
4293	490
4294	511
4295	493
4296	497
4297	498
4298	498
4299	518
4300	556
4301	508
4302	519
4303	524
4304	490
4305	515
4306	518
4307	509
4308	791
4309	506
4310	853
4311	518
4312	677
4313	760
4314	625
4315	554
4316	471
4317	486
4318	508
4319	494
4320	507
4321	499
4322	494
4323	496
4324	505
4325	744
4326	787
4327	698
4328	840
4329	501
4330	490
4331	487
4332	624
4333	510
4334	500
4335	499
4336	511
4337	507
4338	509
4339	500
4340	488
4341	492
4342	513
4343	514
4344	511
4345	499
4346	502
4347	502
4348	515
4349	501
4350	512
4351	539
4352	507
4353	519
4354	549
4355	709
4356	649
4357	613
4358	514
4359	514
4360	587
4361	502
4362	502
4363	517
4364	519
4365	517
4366	507
4367	523
4368	511
4369	515
4370	501
4371	517
4372	517
4373	506
4374	508
4375	533
4376	515
4377	511
4378	533
4379	499
4380	515
4381	498
4382	485
4383	501
4384	791
4385	731
4386	549
4387	674
4388	563
4389	502
4390	504
4391	494
4392	488
4393	498
4394	498
4395	494
4396	508
4397	512
4398	520
4399	507
4400	515
4401	495
4402	501
4403	501
4404	505
4405	487
4406	513
4407	497
4408	494
4409	538
4410	507
4411	489
4412	507
4413	576
4414	717
4415	907
4416	498
4417	659
4418	503
4419	511
4420	506
4421	525
4422	503
4423	495
4424	506
4425	522
4426	511
4427	515
4428	535
4429	520
4430	508
4431	523
4432	530
4433	519
4434	511
4435	499
4436	596
4437	535
4438	577
4439	502
4440	491
4441	493
4442	494
4443	824
4444	787
4445	560
4446	672
4447	524
4448	521
4449	505
4450	546
4451	519
4452	521
4453	519
4454	512
4455	523
4456	529
4457	521
4458	522
4459	510
4460	531
4461	537
4462	513
4463	527
4464	523
4465	528
4466	534
4467	512
4468	503
4469	535
4470	506
4471	514
4472	700
4473	990
4474	604
4475	592
4476	512
4477	517
4478	546
4479	529
4480	507
4481	503
4482	518
4483	519
4484	586
4485	525
4486	717
4487	537
4488	505
4489	548
4490	547
4491	513
4492	502
4493	516
4494	516
4495	512
4496	550
4497	510
4498	546
4499	512
4500	673
4501	520
4502	527
4503	761
4504	833
4505	755
4506	509
4507	510
4508	522
4509	520
4510	517
4511	506
4512	518
4513	508
4514	534
4515	549
4516	527
4517	521
4518	525
4519	552
4520	558
4521	539
4522	532
4523	522
4524	542
4525	530
4526	541
4527	533
4528	553
4529	561
4530	524
4531	540
4532	520
4533	545
4534	526
4535	683
4536	767
4537	680
4538	622
4539	620
4540	559
4541	597
4542	512
4543	534
4544	552
4545	522
4546	528
4547	537
4548	521
4549	534
4550	534
4551	533
4552	531
4553	517
4554	522
4555	589
4556	545
4557	502
4558	543
4559	566
4560	563
4561	564
4562	504
4563	610
4564	661
4565	524
4566	521
4567	574
4568	525
4569	533
4570	629
4571	554
4572	523
4573	525
4574	527
4575	528
4576	517
4577	571
4578	509
4579	530
4580	520
4581	524
4582	530
4583	519
4584	518
4585	526
4586	525
4587	607
4588	547
4589	551
4590	581
4591	535
4592	517
4593	525
4594	555
4595	677
4596	537
4597	503
4598	533
4599	574
4600	527
4601	535
4602	528
4603	524
4604	520
4605	533
4606	529
4607	528
4608	532
4609	543
4610	531
4611	550
4612	520
4613	515
4614	536
4615	543
4616	541
4617	542
4618	552
4619	533
4620	539
4621	538
4622	547
4623	529
4624	526
4625	557
4626	558
4627	530
4628	547
4629	546
4630	524
4631	533
4632	523
4633	601
4634	522
4635	534
4636	530
4637	530
4638	542
4639	563
4640	544
4641	529
4642	543
4643	545
4644	530
4645	558
4646	548
4647	568
4648	526
4649	533
4650	529
4651	570
4652	536
4653	525
4654	536
4655	530
4656	539
4657	549
4658	531
4659	523
4660	538
4661	534
4662	556
4663	533
4664	550
4665	531
4666	559
4667	539
4668	541
4669	533
4670	533
4671	546
4672	554
4673	567
4674	577
4675	551
4676	554
4677	575
4678	539
4679	533
4680	540
4681	556
4682	530
4683	563
4684	526
4685	531
4686	535
4687	551
4688	538
4689	537
4690	550
4691	514
4692	555
4693	559
4694	543
4695	526
4696	548
4697	555
4698	547
4699	540
4700	567
4701	544
4702	546
4703	549
4704	548
4705	523
4706	535
4707	557
4708	549
4709	584
4710	577
4711	546
4712	547
4713	553
4714	554
4715	691
4716	561
4717	545
4718	541
4719	538
4720	533
4721	538
4722	547
4723	548
4724	552
4725	548
4726	553
4727	534
4728	645
4729	538
4730	543
4731	532
4732	539
4733	533
4734	552
4735	551
4736	552
4737	574
4738	552
4739	564
4740	555
4741	580
4742	553
4743	581
4744	566
4745	551
4746	545
4747	550
4748	537
4749	549
4750	563
4751	547
4752	536
4753	566
4754	551
4755	535
4756	542
4757	566
4758	580
4759	557
4760	550
4761	544
4762	545
4763	568
4764	589
4765	532
4766	541
4767	560
4768	547
4769	557
4770	539
4771	565
4772	547
4773	548
4774	550
4775	550
4776	565
4777	536
4778	562
4779	607
4780	536
4781	547
4782	568
4783	548
4784	539
4785	556
4786	550
4787	555
4788	543
4789	535
4790	550
4791	553
4792	565
4793	560
4794	548
4795	539
4796	554
4797	582
4798	564
4799	546
4800	537
4801	570
4802	606
4803	576
4804	553
4805	548
4806	550
4807	561
4808	564
4809	553
4810	563
4811	550
4812	571
4813	542
4814	624
4815	539
4816	562
4817	567
4818	565
4819	539
4820	574
4821	538
4822	624
4823	556
4824	589
4825	566
4826	568
4827	552
4828	595
4829	559
4830	567
4831	559
4832	578
4833	551
4834	555
4835	547
4836	537
4837	553
4838	553
4839	570
4840	549
4841	602
4842	565
4843	578
4844	576
4845	570
4846	592
4847	586
4848	556
4849	551
4850	546
4851	561
4852	573
4853	548
4854	591
4855	592
4856	541
4857	563
4858	561
4859	550
4860	553
4861	619
4862	555
4863	556
4864	618
4865	587
4866	574
4867	562
4868	564
4869	565
4870	569
4871	561
4872	562
4873	558
4874	558
4875	564
4876	564
4877	553
4878	557
4879	568
4880	547
4881	573
4882	597
4883	579
4884	559
4885	561
4886	548
4887	553
4888	580
4889	598
4890	545
4891	563
4892	608
4893	559
4894	586
4895	576
4896	578
4897	604
4898	575
4899	570
4900	575
4901	562
4902	560
4903	566
4904	574
4905	564
4906	565
4907	557
4908	572
4909	541
4910	567
4911	559
4912	582
4913	585
4914	555
4915	569
4916	563
4917	573
4918	565
4919	579
4920	579
4921	582
4922	561
4923	596
4924	598
4925	580
4926	568
4927	599
4928	579
4929	568
4930	581
4931	610
4932	591
4933	582
4934	565
4935	570
4936	584
4937	566
4938	576
4939	578
4940	565
4941	565
4942	574
4943	557
4944	583
4945	560
4946	563
4947	556
4948	584
4949	572
4950	579
4951	582
4952	596
4953	556
4954	577
4955	619
4956	575
4957	572
4958	578
4959	603
4960	598
4961	557
4962	566
4963	578
4964	573
4965	603
4966	605
4967	592
4968	586
4969	608
4970	564
4971	571
4972	582
4973	588
4974	569
4975	578
4976	616
4977	576
4978	567
4979	651
4980	587
4981	581
4982	590
4983	584
4984	575
4985	580
4986	619
4987	565
4988	582
4989	596
4990	583
4991	582
4992	573
4993	564
4994	574
4995	656
4996	579
4997	575
4998	566
4999	613
5000	564
5001	574
5002	596
5003	584
5004	562
5005	601
5006	622
5007	580
5008	590
5009	574
5010	591
5011	580
5012	573
5013	583
5014	573
5015	561
5016	585
5017	582
5018	576
5019	576
5020	582
5021	576
5022	576
5023	601
5024	606
5025	580
5026	599
5027	587
5028	586
5029	596
5030	576
5031	601
5032	586
5033	588
5034	589
5035	574
5036	592
5037	603
5038	576
5039	584
5040	591
5041	584
5042	563
5043	579
5044	591
5045	572
5046	586
5047	637
5048	628
5049	596
5050	585
5051	579
5052	585
5053	577
5054	631
5055	602
5056	613
5057	584
5058	593
5059	584
5060	640
5061	581
5062	600
5063	576
5064	608
5065	589
5066	593
5067	613
5068	596
5069	624
5070	694
5071	610
5072	588
5073	597
5074	578
5075	574
5076	604
5077	579
5078	600
5079	583
5080	581
5081	635
5082	584
5083	583
5084	633
5085	588
5086	578
5087	591
5088	612
5089	612
5090	621
5091	575
5092	584
5093	589
5094	629
5095	595
5096	592
5097	597
5098	601
5099	582
5100	582
5101	586
5102	594
5103	595
5104	621
5105	593
5106	595
5107	594
5108	597
5109	607
5110	593
5111	581
5112	588
5113	594
5114	578
5115	607
5116	596
5117	598
5118	596
5119	596
5120	584
5121	585
5122	576
5123	673
5124	582
5125	615
5126	597
5127	595
5128	587
5129	579
5130	607
5131	601
5132	620
5133	583
5134	614
5135	599
5136	600
5137	610
5138	603
5139	633
5140	608
5141	605
5142	602
5143	606
5144	668
5145	625
5146	594
5147	585
5148	600
5149	623
5150	596
5151	596
5152	603
5153	617
5154	588
5155	662
5156	677
5157	623
5158	860
5159	600
5160	604
5161	597
5162	648
5163	585
5164	664
5165	648
5166	584
5167	612
5168	615
5169	592
5170	611
5171	597
5172	612
5173	614
5174	614
5175	652
5176	605
5177	600
5178	626
5179	595
5180	669
5181	609
5182	616
5183	592
5184	625
5185	592
5186	602
5187	598
5188	613
5189	630
5190	610
5191	590
5192	606
5193	604
5194	636
5195	636
5196	606
5197	611
5198	602
5199	607
5200	602
5201	621
5202	586
5203	618
5204	589
5205	611
5206	602
5207	601
5208	715
5209	614
5210	718
5211	620
5212	623
5213	617
5214	607
5215	628
5216	600
5217	661
5218	652
5219	595
5220	597
5221	604
5222	632
5223	603
5224	625
5225	631
5226	613
5227	596
5228	618
5229	613
5230	630
5231	624
5232	621
5233	689
5234	608
5235	614
5236	610
5237	601
5238	592
5239	613
5240	595
5241	618
5242	596
5243	625
5244	603
5245	627
5246	606
5247	617
5248	618
5249	621
5250	644
5251	613
5252	633
5253	610
5254	633
5255	639
5256	619
5257	612
5258	599
5259	682
5260	611
5261	613
5262	598
5263	611
5264	634
5265	630
5266	598
5267	614
5268	603
5269	642
5270	632
5271	618
5272	664
5273	598
5274	611
5275	610
5276	637
5277	619
5278	628
5279	591
5280	609
5281	603
5282	627
5283	652
5284	617
5285	631
5286	614
5287	627
5288	630
5289	653
5290	602
5291	707
5292	601
5293	602
5294	626
5295	611
5296	629
5297	636
5298	634
5299	599
5300	622
5301	633
5302	610
5303	611
5304	609
5305	755
5306	630
5307	603
5308	615
5309	623
5310	803
5311	638
5312	626
5313	619
5314	635
5315	612
5316	627
5317	610
5318	626
5319	620
5320	658
5321	635
5322	605
5323	616
5324	630
5325	754
5326	657
5327	685
5328	891
5329	749
5330	721
5331	719
5332	740
5333	609
5334	654
5335	626
5336	607
5337	632
5338	657
5339	646
5340	652
5341	805
5342	859
5343	684
5344	667
5345	728
5346	617
5347	612
5348	615
5349	641
5350	624
5351	720
5352	754
5353	628
5354	703
5355	651
5356	779
5357	1109
5358	724
5359	681
5360	777
5361	751
5362	702
5363	684
5364	768
5365	647
5366	643
5367	649
5368	647
5369	683
5370	649
5371	632
5372	634
5373	709
5374	671
5375	639
5376	770
5377	684
5378	846
5379	747
5380	720
5381	705
5382	747
5383	663
5384	632
5385	686
5386	643
5387	640
5388	647
5389	630
5390	646
5391	641
5392	644
5393	657
5394	658
5395	632
5396	845
5397	910
5398	918
5399	665
5400	697
5401	636
5402	893
5403	764
5404	757
5405	647
5406	621
5407	667
5408	629
5409	624
5410	626
5411	631
5412	661
5413	619
5414	765
5415	918
5416	690
5417	727
5418	886
5419	732
5420	722
5421	647
5422	661
5423	719
5424	654
5425	638
5426	659
5427	630
5428	646
5429	699
5430	676
5431	659
5432	648
5433	662
5434	858
5435	697
5436	730
5437	703
5438	672
5439	666
5440	656
5441	730
5442	719
5443	637
5444	728
5445	642
5446	774
5447	668
5448	652
5449	638
5450	652
5451	637
5452	686
5453	698
5454	837
5455	730
5456	711
5457	688
5458	642
5459	669
5460	674
5461	644
5462	668
5463	679
5464	659
5465	776
5466	676
5467	701
5468	649
5469	787
5470	837
5471	679
5472	700
5473	770
5474	653
5475	664
5476	662
5477	644
5478	642
5479	635
5480	668
5481	645
5482	672
5483	655
5484	653
5485	644
5486	653
5487	653
5488	692
5489	655
5490	998
5491	748
5492	697
5493	688
5494	765
5495	647
5496	679
5497	629
5498	654
5499	670
5500	666
5501	631
5502	638
5503	644
5504	690
5505	644
5506	636
5507	642
5508	658
5509	649
5510	646
5511	856
5512	645
5513	709
5514	647
5515	751
5516	628
5517	639
5518	676
5519	645
5520	635
5521	630
5522	639
5523	661
5524	662
5525	639
5526	653
5527	682
5528	643
5529	631
5530	687
5531	646
5532	638
5533	677
5534	652
5535	634
5536	685
5537	649
5538	822
5539	658
5540	629
5541	664
5542	639
5543	642
5544	644
5545	656
5546	668
5547	655
5548	666
5549	711
5550	641
5551	647
5552	637
5553	647
5554	623
5555	626
5556	653
5557	666
5558	625
5559	649
5560	644
5561	685
5562	669
5563	649
5564	659
5565	650
5566	660
5567	685
5568	641
5569	661
5570	640
5571	653
5572	785
5573	653
5574	641
5575	654
5576	670
5577	643
5578	659
5579	654
5580	656
5581	649
5582	658
5583	638
5584	674
5585	660
5586	660
5587	634
5588	684
5589	667
5590	661
5591	638
5592	646
5593	681
5594	675
5595	644
5596	660
5597	691
5598	644
5599	670
5600	682
5601	796
5602	655
5603	666
5604	646
5605	646
5606	676
5607	670
5608	672
5609	638
5610	655
5611	677
5612	678
5613	663
5614	689
5615	682
5616	656
5617	655
5618	664
5619	657
5620	687
5621	659
5622	658
5623	686
5624	665
5625	657
5626	664
5627	649
5628	679
5629	659
5630	956
5631	656
5632	677
5633	681
5634	669
5635	682
5636	670
5637	684
5638	660
5639	673
5640	659
5641	693
5642	656
5643	658
5644	660
5645	650
5646	666
5647	677
5648	672
5649	688
5650	670
5651	657
5652	644
5653	674
5654	652
5655	677
5656	653
5657	654
5658	652
5659	670
5660	678
5661	685
5662	659
5663	658
5664	699
5665	655
5666	681
5667	689
5668	673
5669	664
5670	667
5671	688
5672	659
5673	641
5674	685
5675	689
5676	681
5677	655
5678	654
5679	665
5680	711
5681	678
5682	659
5683	669
5684	682
5685	657
5686	679
5687	683
5688	659
5689	686
5690	702
5691	668
5692	678
5693	671
5694	666
5695	667
5696	687
5697	696
5698	657
5699	699
5700	720
5701	711
5702	658
5703	643
5704	663
5705	682
5706	674
5707	692
5708	658
5709	672
5710	663
5711	678
5712	672
5713	675
5714	672
5715	659
5716	667
5717	684
5718	675
5719	675
5720	684
5721	671
5722	671
5723	669
5724	666
5725	700
5726	719
5727	680
5728	708
5729	708
5730	693
5731	729
5732	675
5733	692
5734	656
5735	677
5736	721
5737	682
5738	677
5739	692
5740	698
5741	684
5742	699
5743	670
5744	665
5745	676
5746	671
5747	690
5748	665
5749	682
5750	787
5751	686
5752	679
5753	690
5754	672
5755	654
5756	699
5757	735
5758	662
5759	682
5760	667
5761	696
5762	657
5763	640
5764	667
5765	666
5766	700
5767	693
5768	672
5769	682
5770	908
5771	685
5772	691
5773	674
5774	688
5775	698
5776	679
5777	691
5778	685
5779	740
5780	713
5781	719
5782	681
5783	754
5784	680
5785	711
5786	699
5787	682
5788	683
5789	696
5790	728
5791	703
5792	674
5793	697
5794	744
5795	685
5796	678
5797	735
5798	684
5799	664
5800	697
5801	677
5802	673
5803	677
5804	669
5805	709
5806	679
5807	690
5808	673
5809	674
5810	714
5811	681
5812	676
5813	682
5814	685
5815	686
5816	688
5817	687
5818	691
5819	668
5820	683
5821	680
5822	673
5823	679
5824	687
5825	734
5826	672
5827	719
5828	690
5829	677
5830	699
5831	694
5832	690
5833	671
5834	683
5835	709
5836	694
5837	684
5838	675
5839	796
5840	771
5841	692
5842	687
5843	675
5844	672
5845	706
5846	688
5847	694
5848	705
5849	929
5850	737
5851	680
5852	687
5853	690
5854	696
5855	706
5856	721
5857	684
5858	675
5859	714
5860	689
5861	689
5862	687
5863	702
5864	704
5865	694
5866	741
5867	689
5868	718
5869	723
5870	687
5871	671
5872	679
5873	735
5874	704
5875	688
5876	722
5877	724
5878	690
5879	701
5880	709
5881	720
5882	692
5883	739
5884	693
5885	698
5886	793
5887	759
5888	768
5889	734
5890	698
5891	704
5892	695
5893	679
5894	692
5895	685
5896	688
5897	711
5898	705
5899	705
5900	720
5901	711
5902	698
5903	707
5904	707
5905	691
5906	689
5907	691
5908	716
5909	695
5910	696
5911	726
5912	738
5913	671
5914	706
5915	740
5916	695
5917	742
5918	702
5919	726
5920	688
5921	669
5922	710
5923	706
5924	705
5925	710
5926	695
5927	734
5928	711
5929	687
5930	678
5931	702
5932	706
5933	726
5934	763
5935	705
5936	692
5937	690
5938	700
5939	716
5940	687
5941	710
5942	688
5943	702
5944	719
5945	693
5946	717
5947	696
5948	696
5949	696
5950	695
5951	697
5952	703
5953	695
5954	715
5955	707
5956	725
5957	704
5958	711
5959	704
5960	690
5961	728
5962	717
5963	718
5964	690
5965	718
5966	801
5967	688
5968	696
5969	689
5970	701
5971	695
5972	690
5973	705
5974	749
5975	727
5976	704
5977	701
5978	697
5979	713
5980	743
5981	688
5982	697
5983	745
5984	743
5985	735
5986	712
5987	710
5988	709
5989	708
5990	707
5991	747
5992	697
5993	677
5994	714
5995	742
5996	718
5997	707
5998	705
5999	731
6000	768
6001	732
6002	730
6003	708
6004	709
6005	711
6006	701
6007	701
6008	706
6009	722
6010	716
6011	728
6012	708
6013	712
6014	718
6015	692
6016	709
6017	741
6018	735
6019	696
6020	712
6021	710
6022	722
6023	769
6024	728
6025	717
6026	712
6027	719
6028	725
6029	733
6030	760
6031	726
6032	724
6033	711
6034	729
6035	727
6036	723
6037	712
6038	702
6039	713
6040	714
6041	693
6042	744
6043	744
6044	753
6045	733
6046	710
6047	725
6048	734
6049	726
6050	729
6051	717
6052	718
6053	800
6054	750
6055	1003
6056	867
6057	873
6058	772
6059	860
6060	721
6061	725
6062	712
6063	703
6064	886
6065	776
6066	702
6067	752
6068	892
6069	725
6070	733
6071	729
6072	810
6073	724
6074	714
6075	700
6076	705
6077	721
6078	725
6079	702
6080	747
6081	758
6082	732
6083	717
6084	733
6085	743
6086	705
6087	860
6088	857
6089	747
6090	704
6091	713
6092	712
6093	759
6094	728
6095	713
6096	732
6097	740
6098	758
6099	734
6100	725
6101	747
6102	724
6103	758
6104	714
6105	733
6106	775
6107	721
6108	714
6109	718
6110	732
6111	773
6112	716
6113	731
6114	707
6115	720
6116	704
6117	701
6118	743
6119	778
6120	703
6121	732
6122	724
6123	723
6124	723
6125	716
6126	817
6127	827
6128	946
6129	781
6130	747
6131	775
6132	727
6133	708
6134	744
6135	734
6136	760
6137	710
6138	724
6139	770
6140	737
6141	724
6142	719
6143	747
6144	739
6145	741
6146	739
6147	724
6148	735
6149	1536
6150	815
6151	754
6152	760
6153	776
6154	1055
6155	781
6156	789
6157	768
6158	775
6159	759
6160	769
6161	768
6162	1015
6163	801
6164	741
6165	785
6166	783
6167	995
6168	812
6169	749
6170	732
6171	731
6172	774
6173	729
6174	752
6175	760
6176	741
6177	757
6178	758
6179	778
6180	731
6181	762
6182	767
6183	743
6184	712
6185	740
6186	808
6187	745
6188	740
6189	741
6190	731
6191	765
6192	747
6193	767
6194	768
6195	728
6196	725
6197	739
6198	755
6199	741
6200	713
6201	761
6202	733
6203	743
6204	737
6205	747
6206	724
6207	769
6208	757
6209	722
6210	726
6211	729
6212	719
6213	730
6214	718
6215	769
6216	757
6217	763
6218	731
6219	738
6220	729
6221	748
6222	750
6223	739
6224	740
6225	739
6226	732
6227	746
6228	758
6229	752
6230	750
6231	714
6232	730
6233	732
6234	719
6235	722
6236	728
6237	749
6238	736
6239	883
6240	786
6241	742
6242	735
6243	772
6244	721
6245	739
6246	717
6247	767
6248	757
6249	716
6250	739
6251	733
6252	726
6253	711
6254	742
6255	723
6256	922
6257	757
6258	737
6259	759
6260	726
6261	738
6262	736
6263	784
6264	755
6265	742
6266	756
6267	753
6268	733
6269	738
6270	762
6271	794
6272	741
6273	751
6274	732
6275	750
6276	737
6277	750
6278	755
6279	760
6280	768
6281	754
6282	757
6283	791
6284	736
6285	740
6286	761
6287	747
6288	771
6289	751
6290	750
6291	763
6292	752
6293	753
6294	738
6295	767
6296	781
6297	749
6298	743
6299	742
6300	763
6301	727
6302	753
6303	782
6304	813
6305	775
6306	809
6307	743
6308	759
6309	746
6310	747
6311	741
6312	744
6313	776
6314	764
6315	755
6316	755
6317	763
6318	804
6319	745
6320	766
6321	734
6322	751
6323	755
6324	750
6325	791
6326	789
6327	770
6328	800
6329	757
6330	762
6331	740
6332	767
6333	777
6334	816
6335	761
6336	799
6337	752
6338	754
6339	842
6340	743
6341	740
6342	743
6343	748
6344	741
6345	754
6346	770
6347	754
6348	756
6349	760
6350	756
6351	782
6352	767
6353	766
6354	764
6355	744
6356	754
6357	738
6358	758
6359	763
6360	755
6361	800
6362	769
6363	746
6364	768
6365	755
6366	796
6367	743
6368	758
6369	776
6370	753
6371	746
6372	747
6373	765
6374	766
6375	834
6376	762
6377	747
6378	758
6379	759
6380	761
6381	750
6382	749
6383	770
6384	771
6385	817
6386	785
6387	749
6388	740
6389	755
6390	786
6391	767
6392	755
6393	804
6394	748
6395	749
6396	801
6397	781
6398	799
6399	776
6400	758
6401	756
6402	757
6403	783
6404	788
6405	779
6406	757
6407	775
6408	836
6409	747
6410	763
6411	742
6412	771
6413	753
6414	761
6415	844
6416	766
6417	783
6418	763
6419	808
6420	768
6421	774
6422	770
6423	742
6424	769
6425	783
6426	785
6427	842
6428	777
6429	799
6430	762
6431	780
6432	812
6433	753
6434	792
6435	774
6436	797
6437	817
6438	761
6439	788
6440	755
6441	819
6442	872
6443	756
6444	776
6445	772
6446	765
6447	757
6448	912
6449	782
6450	742
6451	769
6452	759
6453	788
6454	855
6455	778
6456	754
6457	772
6458	764
6459	772
6460	783
6461	807
6462	818
6463	786
6464	765
6465	759
6466	779
6467	783
6468	799
6469	767
6470	779
6471	797
6472	794
6473	759
6474	806
6475	925
6476	758
6477	765
6478	765
6479	764
6480	774
6481	775
6482	750
6483	782
6484	764
6485	837
6486	789
6487	764
6488	771
6489	784
6490	789
6491	795
6492	776
6493	765
6494	759
6495	823
6496	775
6497	770
6498	836
6499	773
6500	779
6501	752
6502	764
6503	785
6504	766
6505	795
6506	801
6507	771
6508	794
6509	776
6510	789
6511	790
6512	806
6513	837
6514	762
6515	761
6516	807
6517	773
6518	770
6519	763
6520	771
6521	777
6522	783
6523	760
6524	780
6525	767
6526	767
6527	781
6528	778
6529	809
6530	796
6531	786
6532	804
6533	821
6534	798
6535	791
6536	781
6537	765
6538	792
6539	800
6540	807
6541	789
6542	855
6543	776
6544	818
6545	772
6546	776
6547	781
6548	801
6549	767
6550	797
6551	791
6552	824
6553	810
6554	824
6555	778
6556	816
6557	764
6558	817
6559	785
6560	791
6561	803
6562	768
6563	775
6564	762
6565	807
6566	846
6567	808
6568	779
6569	777
6570	887
6571	771
6572	787
6573	799
6574	791
6575	796
6576	776
6577	799
6578	761
6579	770
6580	775
6581	785
6582	801
6583	818
6584	798
6585	813
6586	780
6587	781
6588	791
6589	810
6590	803
6591	784
6592	814
6593	785
6594	774
6595	785
6596	767
6597	795
6598	779
6599	787
6600	827
6601	801
6602	780
6603	794
6604	792
6605	787
6606	787
6607	791
6608	783
6609	808
6610	790
6611	823
6612	789
6613	896
6614	801
6615	788
6616	801
6617	792
6618	806
6619	773
6620	820
6621	789
6622	793
6623	780
6624	797
6625	827
6626	812
6627	785
6628	1008
6629	827
6630	798
6631	818
6632	792
6633	844
6634	826
6635	779
6636	798
6637	790
6638	809
6639	828
6640	797
6641	794
6642	780
6643	809
6644	802
6645	802
6646	822
6647	847
6648	784
6649	806
6650	801
6651	783
6652	783
6653	794
6654	775
6655	809
6656	836
6657	861
6658	787
6659	782
6660	803
6661	802
6662	800
6663	802
6664	805
6665	799
6666	816
6667	824
6668	793
6669	777
6670	835
6671	802
6672	777
6673	802
6674	914
6675	836
6676	852
6677	1114
6678	1013
6679	889
6680	916
6681	918
6682	1083
6683	780
6684	799
6685	939
6686	780
6687	790
6688	794
6689	821
6690	785
6691	799
6692	782
6693	817
6694	811
6695	790
6696	801
6697	818
6698	804
6699	814
6700	796
6701	802
6702	812
6703	956
6704	813
6705	806
6706	819
6707	803
6708	784
6709	833
6710	830
6711	868
6712	827
6713	833
6714	826
6715	828
6716	798
6717	840
6718	824
6719	800
6720	816
6721	814
6722	882
6723	811
6724	829
6725	942
6726	802
6727	792
6728	808
6729	838
6730	919
6731	787
6732	824
6733	799
6734	871
6735	1498
6736	1291
6737	847
6738	821
6739	821
6740	830
6741	850
6742	889
6743	822
6744	829
6745	851
6746	869
6747	893
6748	820
6749	841
6750	819
6751	824
6752	799
6753	805
6754	839
6755	799
6756	791
6757	825
6758	839
6759	829
6760	820
6761	812
6762	928
6763	836
6764	803
6765	871
6766	805
6767	841
6768	822
6769	818
6770	826
6771	814
6772	837
6773	820
6774	798
6775	802
6776	790
6777	957
6778	817
6779	865
6780	805
6781	826
6782	809
6783	956
6784	796
6785	840
6786	843
6787	808
6788	793
6789	859
6790	805
6791	925
6792	793
6793	837
6794	802
6795	834
6796	810
6797	815
6798	807
6799	848
6800	834
6801	805
6802	844
6803	801
6804	834
6805	793
6806	811
6807	833
6808	817
6809	840
6810	800
6811	856
6812	798
6813	850
6814	842
6815	824
6816	822
6817	794
6818	884
6819	853
6820	848
6821	813
6822	828
6823	808
6824	815
6825	876
6826	808
6827	838
6828	815
6829	825
6830	815
6831	802
6832	805
6833	810
6834	854
6835	816
6836	837
6837	849
6838	811
6839	849
6840	830
6841	819
6842	810
6843	862
6844	842
6845	833
6846	801
6847	829
6848	811
6849	860
6850	838
6851	838
6852	826
6853	819
6854	857
6855	823
6856	845
6857	876
6858	862
6859	805
6860	821
6861	856
6862	815
6863	838
6864	818
6865	810
6866	815
6867	811
6868	833
6869	816
6870	832
6871	831
6872	928
6873	825
6874	828
6875	848
6876	850
6877	844
6878	836
6879	838
6880	814
6881	836
6882	807
6883	866
6884	853
6885	849
6886	849
6887	877
6888	821
6889	816
6890	799
6891	810
6892	809
6893	825
6894	841
6895	815
6896	814
6897	859
6898	822
6899	801
6900	849
6901	844
6902	836
6903	835
6904	806
6905	812
6906	819
6907	858
6908	875
6909	839
6910	933
6911	847
6912	857
6913	888
6914	866
6915	826
6916	821
6917	904
6918	855
6919	832
6920	811
6921	845
6922	817
6923	821
6924	853
6925	829
6926	836
6927	844
6928	838
6929	854
6930	861
6931	821
6932	807
6933	842
6934	823
6935	809
6936	839
6937	814
6938	830
6939	852
6940	876
6941	843
6942	829
6943	840
6944	848
6945	814
6946	846
6947	828
6948	858
6949	827
6950	829
6951	843
6952	847
6953	870
6954	844
6955	828
6956	816
6957	923
6958	857
6959	868
6960	852
6961	832
6962	856
6963	830
6964	828
6965	850
6966	832
6967	835
6968	829
6969	856
6970	815
6971	850
6972	831
6973	843
6974	813
6975	818
6976	827
6977	861
6978	834
6979	826
6980	856
6981	853
6982	823
6983	823
6984	844
6985	863
6986	876
6987	837
6988	840
6989	834
6990	844
6991	835
6992	878
6993	859
6994	839
6995	889
6996	873
6997	870
6998	833
6999	839
7000	855
7001	887
7002	880
7003	832
7004	841
7005	842
7006	846
7007	835
7008	856
7009	848
7010	828
7011	830
7012	833
7013	849
7014	945
7015	826
7016	848
7017	840
7018	857
7019	918
7020	817
7021	882
7022	824
7023	839
7024	847
7025	879
7026	834
7027	878
7028	824
7029	837
7030	895
7031	871
7032	834
7033	854
7034	871
7035	847
7036	834
7037	869
7038	865
7039	870
7040	867
7041	844
7042	895
7043	850
7044	825
7045	838
7046	863
7047	856
7048	875
7049	881
7050	898
7051	838
7052	853
7053	892
7054	849
7055	875
7056	865
7057	863
7058	873
7059	895
7060	859
7061	883
7062	838
7063	848
7064	862
7065	841
7066	837
7067	894
7068	841
7069	886
7070	826
7071	836
7072	847
7073	831
7074	919
7075	891
7076	868
7077	838
7078	827
7079	861
7080	869
7081	829
7082	889
7083	851
7084	828
7085	868
7086	866
7087	835
7088	850
7089	850
7090	854
7091	863
7092	866
7093	852
7094	893
7095	866
7096	856
7097	913
7098	845
7099	862
7100	830
7101	856
7102	877
7103	849
7104	857
7105	844
7106	872
7107	845
7108	895
7109	855
7110	854
7111	858
7112	844
7113	855
7114	850
7115	838
7116	862
7117	842
7118	860
7119	860
7120	854
7121	835
7122	877
7123	849
7124	850
7125	904
7126	875
7127	854
7128	900
7129	848
7130	887
7131	923
7132	895
7133	881
7134	847
7135	851
7136	861
7137	909
7138	853
7139	842
7140	877
7141	867
7142	877
7143	902
7144	840
7145	893
7146	875
7147	875
7148	904
7149	867
7150	862
7151	876
7152	876
7153	979
7154	925
7155	895
7156	1024
7157	1143
7158	910
7159	1116
7160	957
7161	856
7162	841
7163	830
7164	960
7165	858
7166	862
7167	855
7168	871
7169	846
7170	857
7171	856
7172	866
7173	848
7174	901
7175	894
7176	846
7177	852
7178	892
7179	937
7180	889
7181	850
7182	874
7183	860
7184	885
7185	879
7186	894
7187	857
7188	854
7189	918
7190	868
7191	862
7192	879
7193	880
7194	887
7195	860
7196	930
7197	866
7198	845
7199	866
7200	888
7201	980
7202	864
7203	883
7204	864
7205	862
7206	876
7207	860
7208	895
7209	869
7210	877
7211	865
7212	895
7213	893
7214	909
7215	880
7216	882
7217	861
7218	879
7219	872
7220	950
7221	856
7222	884
7223	889
7224	917
7225	871
7226	872
7227	889
7228	926
7229	869
7230	867
7231	916
7232	938
7233	838
7234	895
7235	871
7236	904
7237	963
7238	938
7239	1162
7240	1095
7241	1078
7242	992
7243	916
7244	876
7245	862
7246	971
7247	1197
7248	899
7249	867
7250	1081
7251	867
7252	864
7253	892
7254	873
7255	987
7256	957
7257	859
7258	870
7259	937
7260	912
7261	873
7262	883
7263	872
7264	869
7265	886
7266	1031
7267	884
7268	885
7269	894
7270	860
7271	981
7272	878
7273	870
7274	885
7275	931
7276	871
7277	960
7278	854
7279	865
7280	877
7281	890
7282	960
7283	1049
7284	879
7285	885
7286	900
7287	896
7288	889
7289	894
7290	881
7291	882
7292	871
7293	879
7294	883
7295	920
7296	867
7297	888
7298	896
7299	880
7300	908
7301	872
7302	900
7303	958
7304	890
7305	862
7306	906
7307	859
7308	900
7309	865
7310	876
7311	900
7312	894
7313	915
7314	902
7315	906
7316	863
7317	914
7318	902
7319	879
7320	881
7321	890
7322	869
7323	915
7324	912
7325	875
7326	901
7327	899
7328	906
7329	889
7330	958
7331	871
7332	862
7333	893
7334	905
7335	919
7336	871
7337	882
7338	884
7339	880
7340	883
7341	981
7342	943
7343	870
7344	894
7345	907
7346	880
7347	932
7348	869
7349	910
7350	909
7351	866
7352	907
7353	903
7354	856
7355	880
7356	913
7357	880
7358	890
7359	904
7360	915
7361	872
7362	869
7363	865
7364	909
7365	881
7366	885
7367	950
7368	879
7369	941
7370	898
7371	912
7372	915
7373	876
7374	897
7375	944
7376	869
7377	928
7378	986
7379	907
7380	894
7381	904
7382	912
7383	891
7384	922
7385	899
7386	906
7387	917
7388	915
7389	901
7390	869
7391	946
7392	906
7393	871
7394	899
7395	895
7396	871
7397	881
7398	897
7399	906
7400	923
7401	873
7402	884
7403	951
7404	906
7405	942
7406	898
7407	916
7408	906
7409	886
7410	926
7411	944
7412	942
7413	969
7414	892
7415	903
7416	896
7417	925
7418	912
7419	885
7420	944
7421	921
7422	913
7423	896
7424	892
7425	915
7426	864
7427	914
7428	947
7429	942
7430	877
7431	938
7432	884
7433	888
7434	903
7435	894
7436	919
7437	943
7438	892
7439	901
7440	881
7441	903
7442	928
7443	907
7444	881
7445	861
7446	927
7447	904
7448	979
7449	889
7450	902
7451	945
7452	954
7453	910
7454	935
7455	934
7456	894
7457	967
7458	887
7459	895
7460	913
7461	861
7462	900
7463	897
7464	883
7465	905
7466	886
7467	891
7468	913
7469	912
7470	912
7471	904
7472	925
7473	960
7474	968
7475	891
7476	944
7477	936
7478	918
7479	966
7480	943
7481	897
7482	939
7483	1031
7484	895
7485	921
7486	929
7487	898
7488	917
7489	915
7490	951
7491	892
7492	923
7493	918
7494	923
7495	926
7496	891
7497	901
7498	903
7499	910
7500	906
7501	930
7502	951
7503	926
7504	988
7505	894
7506	903
7507	935
7508	904
7509	916
7510	950
7511	902
7512	1075
7513	918
7514	896
7515	948
7516	900
7517	893
7518	983
7519	901
7520	901
7521	898
7522	889
7523	884
7524	924
7525	924
7526	935
7527	900
7528	942
7529	963
7530	965
7531	928
7532	951
7533	901
7534	944
7535	947
7536	898
7537	909
7538	891
7539	934
7540	942
7541	926
7542	926
7543	941
7544	900
7545	892
7546	889
7547	930
7548	915
7549	942
7550	912
7551	959
7552	981
7553	934
7554	930
7555	961
7556	920
7557	995
7558	917
7559	906
7560	1016
7561	928
7562	952
7563	917
7564	920
7565	916
7566	916
7567	969
7568	913
7569	1051
7570	948
7571	917
7572	953
7573	900
7574	913
7575	915
7576	978
7577	905
7578	967
7579	934
7580	923
7581	888
7582	926
7583	919
7584	968
7585	1007
7586	980
7587	931
7588	942
7589	924
7590	905
7591	909
7592	888
7593	907
7594	923
7595	912
7596	927
7597	905
7598	931
7599	927
7600	935
7601	976
7602	977
7603	932
7604	905
7605	934
7606	926
7607	925
7608	907
7609	913
7610	898
7611	911
7612	956
7613	917
7614	895
7615	972
7616	964
7617	910
7618	927
7619	941
7620	932
7621	986
7622	912
7623	909
7624	1018
7625	930
7626	938
7627	959
7628	917
7629	912
7630	983
7631	927
7632	922
7633	939
7634	940
7635	930
7636	965
7637	910
7638	916
7639	925
7640	934
7641	1007
7642	922
7643	938
7644	965
7645	941
7646	914
7647	923
7648	925
7649	946
7650	900
7651	934
7652	929
7653	944
7654	943
7655	924
7656	936
7657	1004
7658	916
7659	922
7660	944
7661	916
7662	903
7663	928
7664	920
7665	912
7666	923
7667	914
7668	939
7669	913
7670	929
7671	926
7672	906
7673	963
7674	939
7675	936
7676	929
7677	929
7678	915
7679	969
7680	997
7681	922
7682	984
7683	915
7684	922
7685	933
7686	962
7687	943
7688	1009
7689	934
7690	947
7691	959
7692	966
7693	928
7694	1023
7695	952
7696	921
7697	941
7698	917
7699	941
7700	1000
7701	907
7702	942
7703	982
7704	935
7705	916
7706	959
7707	957
7708	917
7709	932
7710	930
7711	932
7712	961
7713	936
7714	958
7715	1089
7716	933
7717	962
7718	949
7719	916
7720	995
7721	952
7722	942
7723	961
7724	932
7725	955
7726	960
7727	957
7728	1037
7729	980
7730	948
7731	920
7732	938
7733	945
7734	993
7735	945
7736	951
7737	945
7738	962
7739	974
7740	962
7741	931
7742	921
7743	947
7744	905
7745	967
7746	974
7747	998
7748	934
7749	940
7750	974
7751	951
7752	930
7753	916
7754	931
7755	980
7756	927
7757	1121
7758	989
7759	1279
7760	1151
7761	1080
7762	947
7763	928
7764	1108
7765	1158
7766	933
7767	961
7768	1109
7769	1001
7770	981
7771	956
7772	927
7773	934
7774	953
7775	960
7776	960
7777	935
7778	976
7779	994
7780	940
7781	931
7782	970
7783	1051
7784	971
7785	964
7786	972
7787	966
7788	1034
7789	992
7790	964
7791	945
7792	989
7793	994
7794	946
7795	931
7796	943
7797	1119
7798	913
7799	1002
7800	981
7801	937
7802	936
7803	952
7804	926
7805	941
7806	941
7807	982
7808	952
7809	989
7810	1049
7811	1004
7812	950
7813	955
7814	942
7815	963
7816	942
7817	955
7818	939
7819	961
7820	961
7821	951
7822	976
7823	938
7824	945
7825	991
7826	953
7827	953
7828	954
7829	953
7830	957
7831	971
7832	972
7833	933
7834	1045
7835	952
7836	930
7837	976
7838	940
7839	963
7840	989
7841	941
7842	960
7843	962
7844	962
7845	957
7846	959
7847	956
7848	964
7849	973
7850	944
7851	962
7852	954
7853	943
7854	991
7855	1000
7856	937
7857	930
7858	913
7859	974
7860	981
7861	965
7862	980
7863	947
7864	977
7865	969
7866	989
7867	948
7868	1006
7869	968
7870	965
7871	968
7872	945
7873	974
7874	958
7875	947
7876	956
7877	944
7878	966
7879	956
7880	988
7881	945
7882	959
7883	948
7884	1082
7885	942
7886	937
7887	956
7888	962
7889	992
7890	996
7891	980
7892	992
7893	1075
7894	950
7895	992
7896	968
7897	939
7898	1035
7899	953
7900	948
7901	1032
7902	936
7903	982
7904	1013
7905	968
7906	959
7907	972
7908	951
7909	989
7910	994
7911	986
7912	977
7913	962
7914	959
7915	979
7916	949
7917	963
7918	970
7919	965
7920	973
7921	1031
7922	943
7923	993
7924	952
7925	961
7926	982
7927	921
7928	977
7929	1016
7930	946
7931	976
7932	941
7933	992
7934	944
7935	1036
7936	969
7937	948
7938	987
7939	1022
7940	961
7941	973
7942	953
7943	979
7944	1002
7945	988
7946	1034
7947	969
7948	986
7949	956
7950	943
7951	970
7952	1015
7953	987
7954	995
7955	963
7956	961
7957	955
7958	979
7959	1006
7960	980
7961	938
7962	924
7963	965
7964	974
7965	976
7966	957
7967	1015
7968	928
7969	968
7970	964
7971	957
7972	970
7973	1020
7974	985
7975	986
7976	978
7977	1013
7978	975
7979	1006
7980	961
7981	962
7982	959
7983	984
7984	1006
7985	1007
7986	978
7987	964
7988	961
7989	972
7990	1009
7991	997
7992	969
7993	958
7994	981
7995	1018
7996	984
7997	958
7998	963
7999	993
8000	947
8001	1014
8002	978
8003	1086
8004	1001
8005	968
8006	1001
8007	940
8008	939
8009	994
8010	1006
8011	956
8012	978
8013	994
8014	982
8015	988
8016	1062
8017	1010
8018	1007
8019	943
8020	969
8021	958
8022	1063
8023	1024
8024	953
8025	978
8026	1002
8027	1002
8028	966
8029	996
8030	993
8031	969
8032	1000
8033	954
8034	1028
8035	976
8036	972
8037	1009
8038	993
8039	967
8040	969
8041	967
8042	969
8043	951
8044	982
8045	1010
8046	1019
8047	1024
8048	977
8049	989
8050	978
8051	948
8052	1034
8053	1003
8054	947
8055	1015
8056	975
8057	1040
8058	1000
8059	1000
8060	971
8061	983
8062	1025
8063	1047
8064	1034
8065	1028
8066	976
8067	1002
8068	952
8069	995
8070	1028
8071	990
8072	983
8073	983
8074	973
8075	1009
8076	1057
8077	988
8078	995
8079	1013
8080	988
8081	1007
8082	1014
8083	965
8084	976
8085	1000
8086	1022
8087	988
8088	966
8089	987
8090	974
8091	1045
8092	957
8093	1154
8094	1060
8095	995
8096	999
8097	987
8098	966
8099	1061
8100	1005
8101	1019
8102	974
8103	974
8104	1126
8105	1003
8106	977
8107	1020
8108	973
8109	1030
8110	976
8111	1000
8112	989
8113	1018
8114	1034
8115	962
8116	977
8117	988
8118	973
8119	993
8120	1005
8121	978
8122	1051
8123	1047
8124	1030
8125	999
8126	1035
8127	1053
8128	1009
8129	998
8130	1003
8131	976
8132	1013
8133	982
8134	990
8135	1000
8136	993
8137	984
8138	1016
8139	975
8140	967
8141	1042
8142	987
8143	980
8144	990
8145	987
8146	986
8147	1090
8148	986
8149	968
8150	1027
8151	1015
8152	992
8153	987
8154	986
8155	1002
8156	978
8157	982
8158	1001
8159	1012
8160	977
8161	1002
8162	992
8163	971
8164	1028
8165	1035
8166	966
8167	989
8168	1015
8169	999
8170	1008
8171	1037
8172	1001
8173	1014
8174	1023
8175	1031
8176	1008
8177	1013
8178	986
8179	986
8180	1049
8181	1019
8182	1022
8183	1002
8184	981
8185	1066
8186	1026
8187	1079
8188	996
8189	978
8190	979
8191	1038
8192	988
8193	984
8194	992
8195	987
8196	1035
8197	995
8198	1003
8199	989
8200	1013
8201	981
8202	1028
8203	1097
8204	982
8205	1003
8206	1037
8207	987
8208	972
8209	1043
8210	1008
8211	1009
8212	1018
8213	1009
8214	993
8215	1003
8216	1001
8217	1030
8218	1051
8219	1043
8220	1037
8221	1019
8222	1013
8223	1011
8224	1003
8225	983
8226	992
8227	1029
8228	1049
8229	1002
8230	1016
8231	990
8232	997
8233	1038
8234	974
8235	999
8236	1026
8237	1018
8238	1028
8239	1000
8240	1005
8241	1004
8242	1114
8243	1025
8244	1405
8245	1144
8246	1166
8247	1004
8248	1049
8249	1064
8250	1216
8251	1041
8252	1097
8253	1035
8254	1014
8255	982
8256	1015
8257	1070
8258	1004
8259	1004
8260	1009
8261	1007
8262	1062
8263	1016
8264	1021
8265	1020
8266	1213
8267	1016
8268	1048
8269	1057
8270	1110
8271	1063
8272	988
8273	1010
8274	1000
8275	996
8276	1022
8277	1084
8278	1033
8279	1014
8280	1066
8281	1017
8282	1006
8283	1022
8284	1006
8285	1005
8286	1013
8287	1073
8288	1018
8289	1009
8290	1005
8291	1009
8292	1005
8293	1003
8294	1005
8295	1124
8296	1086
8297	1012
8298	979
8299	1000
8300	1104
8301	993
8302	1011
8303	1074
8304	1029
8305	1001
8306	1001
8307	988
8308	1005
8309	1034
8310	1016
8311	1059
8312	1003
8313	989
8314	1040
8315	1057
8316	1074
8317	1010
8318	1036
8319	1019
8320	1031
8321	996
8322	999
8323	1046
8324	1003
8325	1030
8326	998
8327	1016
8328	1045
8329	1030
8330	1019
8331	1000
8332	1003
8333	1025
8334	1125
8335	1024
8336	1032
8337	1010
8338	1075
8339	1036
8340	1067
8341	1033
8342	1070
8343	1051
8344	1035
8345	1016
8346	1020
8347	1028
8348	1044
8349	1115
8350	1004
8351	1002
8352	1016
8353	1009
8354	1027
8355	1152
8356	1070
8357	991
8358	1037
8359	1077
8360	1013
8361	1027
8362	1033
8363	1011
8364	996
8365	1071
8366	1018
8367	1007
8368	1029
8369	1023
8370	1025
8371	1036
8372	1067
8373	1022
8374	1037
8375	1042
8376	1034
8377	1022
8378	1035
8379	1079
8380	1087
8381	1020
8382	1009
8383	1076
8384	1047
8385	1072
8386	1009
8387	1035
8388	1019
8389	1006
8390	1056
8391	1040
8392	1063
8393	1047
8394	1027
8395	1065
8396	1023
8397	1039
8398	1182
8399	1052
8400	1034
8401	1020
8402	1081
8403	1023
8404	1009
8405	1056
8406	1050
8407	1016
8408	1036
8409	1044
8410	1078
8411	1056
8412	1059
8413	1098
8414	1037
8415	1054
8416	1004
8417	1058
8418	1070
8419	1075
8420	1049
8421	1006
8422	1032
8423	1067
8424	1022
8425	1020
8426	1040
8427	1095
8428	1021
8429	1018
8430	1024
8431	1037
8432	1057
8433	1031
8434	1046
8435	1007
8436	1068
8437	1033
8438	1017
8439	1068
8440	1046
8441	1013
8442	1027
8443	1066
8444	1083
8445	1083
8446	1033
8447	1023
8448	1068
8449	1032
8450	1015
8451	1017
8452	1057
8453	1041
8454	1034
8455	1017
8456	1061
8457	1016
8458	1022
8459	1047
8460	1057
8461	1018
8462	996
8463	1030
8464	1027
8465	1056
8466	1124
8467	1047
8468	1046
8469	1050
8470	1034
8471	1066
8472	1025
8473	1040
8474	1034
8475	1005
8476	1084
8477	1090
8478	1095
8479	1034
8480	1060
8481	1021
8482	1019
8483	1017
8484	1045
8485	1122
8486	1059
8487	1072
8488	1039
8489	1053
8490	1077
8491	1019
8492	1053
8493	1038
8494	1133
8495	1012
8496	1041
8497	1042
8498	1132
8499	1095
8500	1059
8501	1065
8502	1035
8503	1043
8504	1041
8505	1099
8506	1099
8507	1085
8508	1037
8509	1078
8510	1103
8511	1068
8512	1027
8513	1084
8514	1128
8515	1098
8516	1085
8517	1066
8518	1058
8519	1073
8520	1060
8521	1060
8522	1133
8523	1050
8524	1049
8525	1090
8526	1063
8527	1076
8528	1111
8529	1084
8530	1122
8531	1029
8532	1084
8533	1035
8534	1064
8535	1104
8536	1100
8537	1112
8538	1067
8539	1057
8540	1035
8541	1058
8542	1041
8543	1052
8544	1061
8545	1035
8546	1037
8547	1049
8548	1052
8549	1020
8550	1125
8551	1065
8552	1070
8553	1037
8554	1038
8555	1045
8556	1063
8557	1058
8558	1046
8559	1053
8560	1024
8561	1128
8562	1095
8563	1043
8564	1051
8565	1146
8566	1050
8567	1042
8568	1046
8569	1084
8570	1065
8571	1080
8572	1055
8573	1041
8574	1059
8575	1075
8576	1046
8577	1065
8578	1059
8579	1085
8580	1055
8581	1182
8582	1069
8583	1089
8584	1045
8585	1118
8586	1070
8587	1041
8588	1143
8589	1067
8590	1059
8591	1077
8592	1075
8593	1033
8594	1065
8595	1063
8596	1111
8597	1053
8598	1032
8599	1103
8600	1058
8601	1046
8602	1094
8603	1082
8604	1052
8605	1063
8606	1070
8607	1035
8608	1102
8609	1059
8610	1066
8611	1063
8612	1028
8613	1051
8614	1101
8615	1093
8616	1067
8617	1066
8618	1088
8619	1034
8620	1068
8621	1092
8622	1094
8623	1041
8624	1062
8625	1047
8626	1049
8627	1062
8628	1062
8629	1095
8630	1086
8631	1069
8632	1072
8633	1049
8634	1111
8635	1046
8636	1189
8637	1078
8638	1105
8639	1061
8640	1044
8641	1083
8642	1079
8643	1056
8644	1046
8645	1062
8646	1126
8647	1084
8648	1060
8649	1026
8650	1068
8651	1083
8652	1037
8653	1091
8654	1115
8655	1054
8656	1089
8657	1069
8658	1035
8659	1104
8660	1205
8661	1105
8662	1111
8663	1096
8664	1046
8665	1069
8666	1060
8667	1055
8668	1030
8669	1110
8670	1062
8671	1035
8672	1083
8673	1063
8674	1092
8675	1055
8676	1072
8677	1057
8678	1169
8679	1074
8680	1098
8681	1104
8682	1083
8683	1054
8684	1091
8685	1075
8686	1103
8687	1069
8688	1089
8689	1128
8690	1027
8691	1074
8692	1046
8693	1078
8694	1074
8695	1084
8696	1066
8697	1092
8698	1086
8699	1250
8700	1061
8701	1426
8702	1311
8703	1285
8704	1267
8705	1075
8706	1207
8707	1108
8708	1055
8709	1053
8710	1075
8711	1060
8712	1097
8713	1082
8714	1074
8715	1093
8716	1054
8717	1101
8718	1056
8719	1069
8720	1222
8721	1109
8722	1085
8723	1026
8724	1061
8725	1074
8726	1060
8727	1121
8728	1073
8729	1095
8730	1128
8731	1106
8732	1092
8733	1104
8734	1070
8735	1143
8736	1071
8737	1081
8738	1055
8739	1078
8740	1092
8741	1145
8742	1092
8743	1082
8744	1117
8745	1078
8746	1068
8747	1129
8748	1135
8749	1096
8750	1078
8751	1055
8752	1077
8753	1116
8754	1080
8755	1090
8756	1116
8757	1154
8758	1060
8759	1096
8760	1036
8761	1071
8762	1088
8763	1130
8764	1163
8765	1222
8766	1072
8767	1068
8768	1082
8769	1086
8770	1052
8771	1106
8772	1077
8773	1105
8774	1098
8775	1052
8776	1070
8777	1093
8778	1077
8779	1101
8780	1079
8781	1071
8782	1091
8783	1081
8784	1046
8785	1095
8786	1100
8787	1072
8788	1080
8789	1047
8790	1081
8791	1105
8792	1088
8793	1087
8794	1126
8795	1040
8796	1130
8797	1078
8798	1078
8799	1104
8800	1113
8801	1069
8802	1063
8803	1075
8804	1120
8805	1083
8806	1098
8807	1069
8808	1094
8809	1076
8810	1166
8811	1059
8812	1109
8813	1086
8814	1067
8815	1093
8816	1115
8817	1063
8818	1081
8819	1078
8820	1083
8821	1161
8822	1084
8823	1075
8824	1124
8825	1121
8826	1083
8827	1094
8828	1081
8829	1077
8830	1150
8831	1094
8832	1072
8833	1074
8834	1058
8835	1084
8836	1082
8837	1077
8838	1085
8839	1112
8840	1101
8841	1086
8842	1134
8843	1119
8844	1072
8845	1065
8846	1142
8847	1074
8848	1078
8849	1107
8850	1080
8851	1072
8852	1126
8853	1123
8854	1135
8855	1087
8856	1109
8857	1170
8858	1163
8859	1093
8860	1110
8861	1100
8862	1075
8863	1066
8864	1096
8865	1080
8866	1067
8867	1098
8868	1093
8869	1213
8870	1089
8871	1071
8872	1100
8873	1259
8874	1082
8875	1100
8876	1125
8877	1144
8878	1165
8879	1084
8880	1120
8881	1072
8882	1094
8883	1168
8884	1109
8885	1117
8886	1214
8887	1299
8888	1145
8889	1107
8890	1141
8891	1081
8892	1128
8893	1101
8894	1147
8895	1258
8896	1076
8897	1084
8898	1179
8899	1141
8900	1083
8901	1145
8902	1100
8903	1109
8904	1089
8905	1134
8906	1098
8907	1065
8908	1103
8909	1113
8910	1103
8911	1070
8912	1163
8913	1249
8914	1154
8915	1091
8916	1086
8917	1076
8918	1088
8919	1110
8920	1110
8921	1115
8922	1144
8923	1076
8924	1083
8925	1092
8926	1102
8927	1144
8928	1117
8929	1086
8930	1126
8931	1059
8932	1105
8933	1092
8934	1107
8935	1129
8936	1103
8937	1097
8938	1099
8939	1186
8940	1129
8941	1098
8942	1118
8943	1168
8944	1110
8945	1159
8946	1142
8947	1071
8948	1220
8949	1141
8950	1200
8951	1147
8952	1123
8953	1112
8954	1201
8955	1081
8956	1130
8957	1127
8958	1094
8959	1094
8960	1113
8961	1124
8962	1127
8963	1111
8964	1109
8965	1082
8966	1262
8967	1199
8968	1074
8969	1111
8970	1148
8971	1124
8972	1105
8973	1107
8974	1090
8975	1084
8976	1126
8977	1102
8978	1115
8979	1127
8980	1082
8981	1145
8982	1132
8983	1110
8984	1128
8985	1108
8986	1083
8987	1104
8988	1172
8989	1091
8990	1108
8991	1158
8992	1113
8993	1110
8994	1102
8995	1147
8996	1140
8997	1110
8998	1136
8999	1105
9000	1108
9001	1148
9002	1104
9003	1165
9004	1076
9005	1150
9006	1152
9007	1135
9008	1113
9009	1129
9010	1104
9011	1182
9012	1115
9013	1120
9014	1172
9015	1100
9016	1105
9017	1137
9018	1119
9019	1104
9020	1142
9021	1106
9022	1146
9023	1100
9024	1136
9025	1118
9026	1115
9027	1161
9028	1096
9029	1104
9030	1123
9031	1115
9032	1120
9033	1134
9034	1119
9035	1184
9036	1110
9037	1131
9038	1234
9039	1089
9040	1128
9041	1159
9042	1094
9043	1120
9044	1102
9045	1114
9046	1225
9047	1150
9048	1185
9049	1113
9050	1114
9051	1118
9052	1125
9053	1128
9054	1160
9055	1147
9056	1154
9057	1112
9058	1122
9059	1103
9060	1149
9061	1168
9062	1103
9063	1101
9064	1120
9065	1158
9066	1119
9067	1122
9068	1157
9069	1091
9070	1186
9071	1114
9072	1124
9073	1108
9074	1157
9075	1160
9076	1165
9077	1141
9078	1141
9079	1151
9080	1079
9081	1156
9082	1106
9083	1090
9084	1137
9085	1131
9086	1224
9087	1190
9088	1104
9089	1177
9090	1121
9091	1135
9092	1112
9093	1128
9094	1117
9095	1132
9096	1128
9097	1174
9098	1132
9099	1114
9100	1092
9101	1152
9102	1153
9103	1186
9104	1141
9105	1106
9106	1123
9107	1090
9108	1163
9109	1118
9110	1127
9111	1133
9112	1125
9113	1162
9114	1154
9115	1185
9116	1137
9117	1133
9118	1141
9119	1105
9120	1116
9121	1135
9122	1132
9123	1112
9124	1107
9125	1134
9126	1131
9127	1167
9128	1106
9129	1169
9130	1252
9131	1555
9132	1463
9133	1431
9134	1473
9135	1149
9136	1263
9137	1180
9138	1158
9139	1160
9140	1180
9141	1143
9142	1125
9143	1110
9144	1164
9145	1163
9146	1142
9147	1139
9148	1113
9149	1323
9150	1111
9151	1298
9152	1144
9153	1201
9154	1123
9155	1215
9156	1155
9157	1130
9158	1171
9159	1294
9160	1147
9161	1150
9162	1115
9163	1172
9164	1129
9165	1123
9166	1117
9167	1160
9168	1159
9169	1114
9170	1187
9171	1141
9172	1122
9173	1171
9174	1164
9175	1128
9176	1127
9177	1185
9178	1131
9179	1149
9180	1121
9181	1114
9182	1101
9183	1302
9184	1108
9185	1186
9186	1213
9187	1125
9188	1125
9189	1155
9190	1122
9191	1167
9192	1133
9193	1222
9194	1180
9195	1204
9196	1161
9197	1213
9198	1152
9199	1212
9200	1151
9201	1142
9202	1112
9203	1138
9204	1138
9205	1118
9206	1144
9207	1125
9208	1133
9209	1184
9210	1153
9211	1185
9212	1127
9213	1228
9214	1158
9215	1197
9216	1223
9217	1155
9218	1145
9219	1141
9220	1163
9221	1171
9222	1182
9223	1128
9224	1134
9225	1142
9226	1163
9227	1159
9228	1116
9229	1185
9230	1162
9231	1158
9232	1181
9233	1167
9234	1183
9235	1147
9236	1204
9237	1133
9238	1175
9239	1135
9240	1163
9241	1136
9242	1154
9243	1158
9244	1140
9245	1131
9246	1144
9247	1129
9248	1148
9249	1158
9250	1144
9251	1210
9252	1122
9253	1197
9254	1160
9255	1150
9256	1173
9257	1235
9258	1139
9259	1112
9260	1176
9261	1191
9262	1163
9263	1197
9264	1188
9265	1118
9266	1140
9267	1133
9268	1172
9269	1145
9270	1167
9271	1138
9272	1168
9273	1126
9274	1210
9275	1207
9276	1136
9277	1194
9278	1147
9279	1133
9280	1114
9281	1170
9282	1126
9283	1176
9284	1130
9285	1169
9286	1157
9287	1143
9288	1171
9289	1163
9290	1122
9291	1141
9292	1193
9293	1165
9294	1208
9295	1170
9296	1171
9297	1230
9298	1277
9299	1158
9300	1168
9301	1231
9302	1155
9303	1190
9304	1198
9305	1137
9306	1138
9307	1190
9308	1153
9309	1144
9310	1205
9311	1162
9312	1192
9313	1167
9314	1161
9315	1229
9316	1140
9317	1185
9318	1146
9319	1144
9320	1149
9321	1175
9322	1149
9323	1168
9324	1156
9325	1176
9326	1151
9327	1225
9328	1150
9329	1144
9330	1168
9331	1229
9332	1187
9333	1157
9334	1214
9335	1150
9336	1149
9337	1219
9338	1141
9339	1136
9340	1191
9341	1210
9342	1136
9343	1173
9344	1144
9345	1213
9346	1209
9347	1153
9348	1125
9349	1146
9350	1183
9351	1150
9352	1192
9353	1194
9354	1136
9355	1171
9356	1118
9357	1155
9358	1214
9359	1119
9360	1161
9361	1213
9362	1151
9363	1165
9364	1160
9365	1143
9366	1234
9367	1188
9368	1177
9369	1159
9370	1172
9371	1184
9372	1224
9373	1132
9374	1131
9375	1155
9376	1152
9377	1146
9378	1199
9379	1174
9380	1235
9381	1136
9382	1229
9383	1140
9384	1462
9385	1159
9386	1155
9387	1243
9388	1182
9389	1168
9390	1196
9391	1193
9392	1153
9393	1160
9394	1280
9395	1268
9396	1158
9397	1177
9398	1172
9399	1156
9400	1218
9401	1146
9402	1232
9403	1197
9404	1190
9405	1147
9406	1148
9407	1241
9408	1152
9409	1161
9410	1141
9411	1155
9412	1149
9413	1167
9414	1184
9415	1151
9416	1239
9417	1152
9418	1184
9419	1192
9420	1159
9421	1139
9422	1149
9423	1213
9424	1201
9425	1161
9426	1167
9427	1154
9428	1178
9429	1153
9430	1225
9431	1169
9432	1207
9433	1182
9434	1198
9435	1222
9436	1219
9437	1161
9438	1167
9439	1190
9440	1216
9441	1137
9442	1211
9443	1161
9444	1216
9445	1229
9446	1166
9447	1172
9448	1185
9449	1335
9450	1182
9451	1174
9452	1211
9453	1187
9454	1182
9455	1140
9456	1191
9457	1282
9458	1209
9459	1215
9460	1193
9461	1151
9462	1193
9463	1181
9464	1233
9465	1196
9466	1147
9467	1181
9468	1182
9469	1159
9470	1183
9471	1257
9472	1152
9473	1190
9474	1138
9475	1177
9476	1258
9477	1169
9478	1150
9479	1171
9480	1179
9481	1163
9482	1167
9483	1195
9484	1198
9485	1240
9486	1237
9487	1190
9488	1214
9489	1161
9490	1211
9491	1165
9492	1169
9493	1195
9494	1252
9495	1166
9496	1189
9497	1196
9498	1166
9499	1223
9500	1185
9501	1465
9502	1202
9503	1184
9504	1202
9505	1173
9506	1178
9507	1196
9508	1174
9509	1208
9510	1180
9511	1210
9512	1195
9513	1254
9514	1204
9515	1180
9516	1177
9517	1231
9518	1207
9519	1356
9520	1156
9521	1181
9522	1195
9523	1177
9524	1178
9525	1255
9526	1204
9527	1241
9528	1167
9529	1191
9530	1214
9531	1195
9532	1259
9533	1226
9534	1226
9535	1174
9536	1197
9537	1230
9538	1307
9539	1268
9540	1538
9541	1570
9542	1670
9543	1200
9544	1260
9545	1286
9546	1218
9547	1172
9548	1229
9549	1198
9550	1181
9551	1177
9552	1245
9553	1206
9554	1181
9555	1192
9556	1378
9557	1199
9558	1202
9559	1191
9560	1148
9561	1203
9562	1232
9563	1180
9564	1293
9565	1184
9566	1138
9567	1250
9568	1230
9569	1214
9570	1164
9571	1239
9572	1229
9573	1157
9574	1182
9575	1237
9576	1243
9577	1229
9578	1218
9579	1218
9580	1237
9581	1290
9582	1179
9583	1169
9584	1209
9585	1184
9586	1209
9587	1183
9588	1188
9589	1294
9590	1202
9591	1160
9592	1190
9593	1189
9594	1191
9595	1283
9596	1164
9597	1263
9598	1264
9599	1211
9600	1180
9601	1210
9602	1198
9603	1194
9604	1178
9605	1216
9606	1214
9607	1187
9608	1183
9609	1225
9610	1193
9611	1196
9612	1245
9613	1157
9614	1201
9615	1194
9616	1201
9617	1230
9618	1143
9619	1236
9620	1291
9621	1203
9622	1225
9623	1175
9624	1183
9625	1150
9626	1170
9627	1214
9628	1270
9629	1183
9630	1175
9631	1204
9632	1200
9633	1202
9634	1193
9635	1161
9636	1156
9637	1247
9638	1204
9639	1224
9640	1219
9641	1193
9642	1181
9643	1207
9644	1197
9645	1271
9646	1203
9647	1176
9648	1225
9649	1169
9650	1213
9651	1213
9652	1240
9653	1242
9654	1273
9655	1215
9656	1204
9657	1231
9658	1181
9659	1222
9660	1209
9661	1196
9662	1236
9663	1222
9664	1307
9665	1178
9666	1222
9667	1181
9668	1245
9669	1293
9670	1205
9671	1202
9672	1197
9673	1206
9674	1247
9675	1207
9676	1237
9677	1239
9678	1220
9679	1178
9680	1243
9681	1186
9682	1253
9683	1176
9684	1247
9685	1199
9686	1211
9687	1179
9688	1202
9689	1207
9690	1244
9691	1194
9692	1208
9693	1253
9694	1314
9695	1347
9696	1206
9697	1192
9698	1217
9699	1218
9700	1241
9701	1191
9702	1235
9703	1261
9704	1250
9705	1449
9706	1213
9707	1195
9708	1182
9709	1309
9710	1237
9711	1226
9712	1341
9713	1296
9714	1214
9715	1206
9716	1177
9717	1178
9718	1212
9719	1245
9720	1210
9721	1224
9722	1186
9723	1216
9724	1201
9725	1216
9726	1182
9727	1231
9728	1250
9729	1215
9730	1215
9731	1225
9732	1206
9733	1215
9734	1228
9735	1247
9736	1260
9737	1196
9738	1204
9739	1221
9740	1286
9741	1233
9742	1211
9743	1152
9744	1218
9745	1218
9746	1222
9747	1216
9748	1259
9749	1192
9750	1203
9751	1264
9752	1221
9753	1202
9754	1209
9755	1219
9756	1225
9757	1172
9758	1257
9759	1210
9760	1204
9761	1226
9762	1246
9763	1244
9764	1221
9765	1201
9766	1294
9767	1274
9768	1289
9769	1255
9770	1175
9771	1211
9772	1240
9773	1202
9774	1312
9775	1195
9776	1201
9777	1209
9778	1196
9779	1242
9780	1234
9781	1216
9782	1228
9783	1215
9784	1255
9785	1197
9786	1225
9787	1246
9788	1261
9789	1181
9790	1201
9791	1228
9792	1307
9793	1257
9794	1240
9795	1212
9796	1217
9797	1202
9798	1263
9799	1199
9800	1189
9801	1224
9802	1202
9803	1249
9804	1232
9805	1237
9806	1241
9807	1290
9808	1206
9809	1259
9810	1204
9811	1242
9812	1235
9813	1258
9814	1201
9815	1220
9816	1216
9817	1257
9818	1255
9819	1190
9820	1314
9821	1247
9822	1251
9823	1229
9824	1293
9825	1249
9826	1205
9827	1207
9828	1232
9829	1232
9830	1234
9831	1233
9832	1238
9833	1262
9834	1244
9835	1207
9836	1252
9837	1223
9838	1223
9839	1260
9840	1289
9841	1225
9842	1205
9843	1223
9844	1222
9845	1226
9846	1253
9847	1237
9848	1231
9849	1246
9850	1215
9851	1238
9852	1255
9853	1209
9854	1218
9855	1241
9856	1250
9857	1188
9858	1202
9859	1287
9860	1231
9861	1196
9862	1254
9863	1260
9864	1301
9865	1222
9866	1233
9867	1205
9868	1266
9869	1224
9870	1225
9871	1251
9872	1273
9873	1425
9874	1208
9875	1360
9876	1191
9877	1219
9878	1248
9879	1272
9880	1219
9881	1224
9882	1220
9883	1234
9884	1235
9885	1257
9886	1281
9887	1245
9888	1315
9889	1360
9890	1257
9891	1284
9892	1253
9893	1387
9894	1272
9895	1215
9896	1197
9897	1258
9898	1248
9899	1270
9900	1258
9901	1225
9902	1196
9903	1239
9904	1323
9905	1225
9906	1234
9907	1349
9908	1258
9909	1252
9910	1272
9911	1305
9912	1242
9913	1221
9914	1277
9915	1296
9916	1215
9917	1313
9918	1305
9919	1279
9920	1224
9921	1220
9922	1237
9923	1245
9924	1257
9925	1255
9926	1224
9927	1241
9928	1245
9929	1299
9930	1216
9931	1246
9932	1403
9933	1221
9934	1762
9935	1410
9936	1350
9937	1242
9938	1264
9939	1239
9940	1331
9941	1264
9942	1277
9943	1500
9944	1248
9945	1440
9946	1220
9947	1287
9948	1272
9949	1331
9950	1238
9951	1252
9952	1326
9953	1304
9954	1254
9955	1251
9956	1399
9957	1241
9958	1230
9959	1259
9960	1271
9961	1237
9962	1268
9963	1322
9964	1303
9965	1274
9966	1262
9967	1312
9968	1253
9969	1258
9970	1304
9971	1278
9972	1239
9973	1299
9974	1280
9975	1330
9976	1218
9977	1221
9978	1261
9979	1274
9980	1225
9981	1330
9982	1348
9983	1225
9984	1303
9985	1307
9986	1259
9987	1267
9988	1294
9989	1237
9990	1284
9991	1281
9992	1251
9993	1205
9994	1274
9995	1237
9996	1211
9997	1234
9998	1279
9999	1245
